18 1
8412751550052068661516132802726023141292307351020450214126339384192513544953859523061639420629644360094453.34008060052202748854689735837780217645702209104053886910588561264505692807801435221428396624685554349938908041554927692654202073917692195487668540296174380422166472055273097187934170970321005554010386857
-2839355879325042846699375680813582637449467687969428945610991941790815458687874987561498749123549212429296266.57913807767323831046801304159795923649274903043611681569257360524333712437097575675693651478935217768522098515091512663718534954929394522801401748728854680844273696141294441423631100514347227516483397
3470241411061223658493539573034435169312608641124123565216517617083306175307420039924383853791676654447.66806605053839779657811409173204984182138066756070633093126189815824721504518774216817213283260179740051448266896054864474379656044025289038403564413954818305027335757497206921665487999147795056010682304682
12614244406526885469516133752931322641771901167916157335259953891592701347845004133763005502822817024459239726.4841079493202644434404216215631963900653393070423534771125977437727569865039911653050587504567076721841087900656961744161263853402019281586652365691945416992711532670901414731111501754006441851435528
59198410922209460880757976857449591747655769097877172810407581705151927020739921919189694123845263.5720129299218735848372829999603687026234934474276042500799624309078173209854514501691872834930678395039183805722923058970457904564530755953174464005259495512622360227794488318639766175773554941923690222596813896
-17537599249108500026184193929960718270936838418187506315116423853693225214210455812414381323130200229294470663.3790771818811423371592076513437621040774649998610524373040459043898295343745085970859265153038517073042501256965601132423464696920899561541677344890957212669589212974410126715637944996291289497394934
22457473758865209378652729869922679115808968113482161282487870400295072744575593928861240603.6716599120037657133805937280670889049220355245756114610016713583557275745776432905142316508617087675052815276449568503341635894395272157030581809818151383175099418394415982253934523160059392169813751706307226351793548
7568885415488578882334964621354803547514030722526517335543948283973102714496377057385439108851223025658160557.4776626141367367437578069736380160350274215720470614285431481800992597015211049459515877585564614454128846332553150484760664103669168576129701748785372770681475611944812109046801866064830091819039452
-27163049197956780713072612339631423391509814343028468903726150925911665746259243317231431038777290924358571056368340691064.527565062604749694124668293022195652796880814565362129881827633705423977829504818386398963982991245377847571426473424754432641810195567750016834135752512074619586198405129225832840181536
539000508031042365122937204510764298590543196633805511304336368016119805382498165818836781801792712318719709449336136713798.574730814204027333943961736070121314500760233912245289972184368322941876237722551263771729696587392199524568596466030629662422435037568014746336891166785584080620623671021987097171135581
-2855457289364276978465546805619935516055836649236493930703532951414319955665123140137224732209271861858565355933056615991979.9365976783526667703206684544664344935396905470277270477073901407958262270692667945650640276241752638520511145068658977213939356415612375601646077886869487337536464649662726606559488478
6205032439850308962009074914810129085520740552796302919564507727924702036738386932086710735523775919683052325701830516968426.53373076696962073673277773492476014613868040917375791574202633866000372857650722215285662426862230284920457297200872607351726294634644275810072029075311152918323763424831305988016272229
-5957807842124363829048612514344326134611533914082598627496147842449946371477001083864662596799068804506264344218145621697203.92527068210138643469563455988012219055150334084102396203096740208340440582600421361468030672660925859869035494292142958621599754639413333960708027002487374722695010016190245423602872681
2098712100568066774213690597550859764505359340976623316187103125080609574446605286507349793150602739062582839420264413143609.00870367643325300774597639869450479795131519479283990975103328288180853515094833155174142033901812981010970703197682369257635807728966742090279068634292680938940725638731596181005784609
1439412346130604989425906995950723893039427500545408964472686185057673606086391938662257781171916493846226541638088966942142.07776040841014994847824809209215515323495455825441065107834462978085821942296575047984088165461251021591779911116753746290242943411740043387537028392234754534922317902523158903945352929
-14292847121345496701659553568267187147118187517890448095637182261915513560371780016389786049416180798193660179058976317398721.6586540635569713991360379876308169288867851392561476204935877853533268088483319911882760153904473009595080616341197521989812800597306398546656728684892994430499529302629477985940987982
32009723534703311231560054003569650346711238237469770599264123219601061311674334164045708067542237673816707875276050624792227.5902950889742925357145417489339981779303411257248183581624174219524066586426462352681335006539800855902842329714492506149685181293770187662601599333606660581513415675835701721976225351
-19851585221356992751075689369584007021491706301114147111287744655293701706144162308835349364493825015365927128064139874044060.0673641895561293531571251965011904284308522556143322554993409261268382067352820801348236730965238229675935901173226828649339988429445440854252187297928703161974450799048094986797795609
