-1.74519304717500602091635111444914806841811809556502912793028674118920491211160938609831894568893481914712934646302499039519019288941684045272219276976053929416778719633414696313741713109126564011670664827116959984903136831669026892778202356396230047671117382810905447368906135378326936907541659469877722416272
-10.7116219848226956607862380884089484250306636621443939402232098704727822949780642844699224044556296735009971951173663758572744494756352060727804160817620132586322453414135259756304593040850292807292173803387360866019038910384172557933757101407850755444190759976968324326080124414627481697895748345994412081066
-8.347156064123748344735748871520915613916901178504542331207176661913165770949807319428489601261955075628667149796869948206554880734077710353527506938412932374476123191828551679920625036904694748366884613953761982281595684116706248718246189476605486506624353918559691873600947458133726904718007200884229316036559
-6.677099409296967765149285060782461313093788581052133306388143608996393434669351372753375336151203519226935213677042144986201136806125344092983569993348457538207367305519857282431907449061269530394352299569281443855868466793064738206825446462304283063519028476057459215398446762866345289674346724056534047955191
-5.400067788636858527178810516118030382956283269727321555415938345118367442045420816428870949074258527565898812450269481924067855352286499934754023362425642262703522122400159075775768334058934396504710928564488382952325905740215290670917408685194883231632011333181538711646248476210451431604026245671536769704214
-4.432373010745868377110082576028112406165729098990399566566865593671002342628976985478552167191114925539066366109613237154002894284421057863694361215604347111605343719247818606118006730648890046460369168058166456927486899959371911018922931092683081556080110420926155665183354681760689873394013629843001802318765
-3.702111405758507310729764705874212219701050533904492725693816131678059055623446470724199928156457104916319345289048354516463308601327544161599897533283121976022559573327603495542036055563490993778669123320970135986733229441957447074631927403131774008190366505054346445750796640113020261886437150876250265996797
-2.669179349584364849703640999290752834835011698878974749101754932319487721766351570375432770804576409519910392507152322161265544424272202672408985841469199767163094238738005896545093453949763358267664805406698694366535459731092283297490058995450337131587647341579926058379190893540763413666816097146690445656547
-1.98639633605390053616909403532501966617089184065677653872104976709036427292954578924762426204644359596143303291390619616795803222069229938496831638424226674309628790848407928412845413727711070516358564036806441029167909351408562738551239745306136274289064993998449106170028964453020875310430920469205045798853
-1.745193047175006020916351114449148068418118095565029127930286741189204912111609386098318945688934819147129346463024990395190192889416840452722192769760539294167787196334146963137417131091265640116706648271169599849031368316690268927782023563962300476711173828109058777003459522029370230278776404476657786745141
-0.5841047644895973599707153698621495131153473203628679694286253075540546043760649033900523971831311086132167594824582880921238525189441949118059969959061735872046285980838896706369703671542117407501177839813043331942646613832326947131254567695933674447483500634256954626927502550865940409016513607538436696893721
-0.2891508900066951658595664677262045456470012331868348152288381231270540594603636205336181779432990661770579473860313230473356774656295697194852139816621078990918872550218612870629513293527969950158235662719784978778946760219741345164203934585055287640021270094584579601980368126792263893483763353907379756746898
-0.159864510896515646685826691612550474827608078942500345275753613584015238802312720877183446074833899707661390726405748944361326375384211645078437841426064355668860127420150924216329347755925219714700601394504077677319903553226434082380955965294890738602755387929730703427670109161127494475381505929243176059359
-0.07555471301070060067759904022946421057512529274367104182302604799046165020705149439827688768765606588983976769518312520043958018253149144119533150961083270642797672837553605817284930204782247456074055470803630769209823618727031666038096245786923090011632662140713176417499040748790240751954272363665993979637603
-0.03238138289596957295479320293096058783703828638391502587526725021377173264837031444257990742345293725287090429016833322965455490638935136914245653337388002278543117747874228462335165395531791868373419904244538062353777247342384447390342016754087564609720558061399953732317639138493496806423483252879711213862932
-0.007529045666959753678732512036149427987056754136347706861417377883360832659786080078258213450318930509165083136163684367507328179372199271841008985511266822854983601347668774315260092520147729132376957260166750840452749357676996007239794169202908578960441908912145344487277603652652606487664096242059160051286415
-0.001126370689026578819153746169038200192716076479885905996199537723217162721112973436833312575303953956157370926831122697083944647337047853358376222084789931970448808071901907065861222885617710570334971708964926862608095793903187657094939766372129231887120157969355662601831377905461784152536064467407890773299843
-1.297704344522253482220225427891193849716018301556713099190233810224792513371097307918166385168848102050790501661980281538306420277111552281756911505764927240669685322868200236854167808751746264523754983480595543271604744196700259502977077316002849453032350783078477311303194190454267802430512376547843528945494
-295015498650514900619860916779896732371560380915633876839610462437284667228799579389374983242065513466438.6110444151550953558469070063430424977209496168641493007409599295345814672096424737925625043941217129529944072655047343747013823611934807684664813895075437993329412356283889851640026197909097855783949639611
-1.297704344522253482220225427891193849716018301556713099190233810224792513371097307918166385168848102050790501661980281538306420277111552281756911505764927240669685322868200236854167808751746264523754983480595543271604744196700259502977077316002849464833823229580879374098735961521954522914060232796946352631739
-295015498650514900619860916779896732371560380915633876839610462437284667228799579389374983242065513466438.611044415155095355846907006343042497720949616864149300740959929534581467209642473792562504394121712952994407265504734374701382361193480768466481388645356345975973675313460154975184661821226642005867515815
-63144259573835145473541776057616438700482836528229926540893281911878762127135442913543297821005478138798671.78418489313884944223303637374120664798167583578901738129571361650294169018924224497602283269636785762282540843773158517572645045670607676484060616772901324726132998940848221034100523892477856332243008012
-1.714865921534315725643781141719314091028137423679087151535002991045445149990579199318470833566118994858018019736114760220095419627507739955764316415524564004498070284537854128772441980495481085771629734937847077342458672096472182191000113604868268368977817564645437630518498415518698640965436127524203061869704
-780368933549060958819278502703771576120477538246487025550604585866870471672145746940514686417458529493783.1510795254787622646932627891844254282083117366662864160840961777066434473350110280025740299555546056004080620568972350269081741534018264240991364857215554244252206564021601354833999260315585797494809716526
-1.88631490477869311532874192775095240603088217728336592757227104202249726168996525863971340684082711842544621637999704489647132644765997301708931674180864922778054868397225516725118510766271164550722097676486905483312618583927286438962143901895555382726297497542909338847250650062785369776741811825307403412997
-116520494903058848778607809073299146899358023537928748695809233502830026179882170820525690775295888949170.0260601474978773737040537374978204484631343482780857729751544034421116844873162463416924147998442097494621719856609988911616165682443177298551889492252034489364134652496739141577123033084012532854316276274
-0.7706163562479752923982235405967543734465993589167285845567879947306801927193108590790273407464869022493959265884208202409440791482165399356080396484467544644632073352398873268233088374748910141183441748754699389799586896910256445882412044214152818209086657714424278251333159574026414497451436739637665445406203
-613304023122333031663930717622804685097137028706800111155138712739635147704279467175067098559499514986278.5757897528714620572161741871406701904001490224361463026343824594491936816284566449624736551843701569210338623844509535511395924507474597711108676713884417566962113019096748146203547863635759239147449809524
-24.49309813299013277994285289311801575607797233775037294367331790458978653491880322027213974213936271629164035649176877779011419698441361273206428099541873062512869288350007673706083729387371293759133159253992599119562010120456972470076274798897810939209801918229714596660710667373322299684646295038326037919624
-8.57049675489185292207915556359006784295603624075268574214838993760088611882902122204513439366300038724703640424644814301685309959377584614478165958039782597393802767153404358916887232422032675961887684567650889565594452080957673135321862795712370717373179634439440045866788639833297313227592382786979388660219
-4.452879893935835760462732447031790724803880902410863881343110979056769111795919295274240103531608581496649910758173642282491085380069792002344058653544809512963553883315407582955110017021275757777684131270071875920048563745783186097077223029180193796626963395154426858665861261463833740873568410186171346519086
-2.729919019937702937119883121111641754685945840620449638971564025149191123428801198866504172664341633821673248580977698022155595905403231849487008293919985156886587423880415977655130435167408780003319356421022517081432424713101698054667970841001751890650958483965736789615226024278650762814036485063676157632086
-2.232412762105639953608811811815937708864760217735547291771952730361448896733771256171283566827067134267317149558711342491998094493629391595760861980054438872062660352423720755217130240302619752501392251117162665793517849178416742202803189926106592994158605869442829683838139384935471862514211559841119826388018
-1.398811167087273296792730528692495932725414795020589303483952088921308823656845060765095496795103553678603806762427683646596261795049383605673187871914195342182934246449840713343966066704747704364808894734753367639608165768659143037686761782170646254475307929020132485324048104798729800332923801972941560008684
-0.7830796145323654964344687353203072195990376908151846088864760018634111073286961182535788498985588206408693324425819809099165299292717872877310320588002023841417418711739104688710880284235418844016159970469684905549063339923209587375926884523528938328378833387364075635667451812518391046689388078740309414717173
-0.7706163562479752923982235405967543734465993589167285845567879947306801927193108590790273407464869022493959265884208202409440791482165399356080396484467544644632073352398873268233088374748910141183441748754699389799586896910256445882412044214152852792515857980636174482660977796740584631246679724864071235927993
-0.2617219538577785113329772011218262388637516459580318174961509285161555132109648716847748697553836996305498983322153466605854335399048937361162434640120661690701642449862228192081807785306058823682647632006498760100065592903109021549883357919064111256870089754427146942085103833543736068135111219839178798453018
-0.6090348727596174568224336201766635687021296637598510568282406359943374455746563062841888801535225753959264191607528236681292850702098893584964495893240151185724467740916209015234042050096028898723918357993266096149282153501874491923173546356801877514375413624022441243602029809599990706483612010124610887045692
-276205426852210767498038561320197942556806689502982652464496609632179795353090514475084257432587925562940160.0737723633931476698913667768548383827398465176372436287325971579049030330003405865881960592291594518725524155898913374638982716394898194534068174968875947633852932688553055568954701563513980506603404512
-2.771148605973098017229234196799847378552045651254501516469458842124101329694324595931650225273536496451090332459195333281825918715339961206315963835928966846948035362905210182659226765711378928024676463152080606123724997602381363037041475426894925592337738472567231239875447227803830039141375951486297909041415
433527452325718898801129910750052788427076021853394678.6936618506238893678316012617897544595625122376864480720559400874679059525743741861301704133377131577834118753042544680181644021948629835517669609203993391126748668318347311377869592679733586364821588951073212707422319693726497222824387467984808404034745676
-0.7706163562479752923982235405967543734465993589167285845567879947306801927193108590790273407464869022493959265884208202409440791482165399356080396484467544644632073352398873268233088374748910141183441748754699389799586896910256445882412044214152844281263022572839669973751356941360413609342070534053717635974489
-613304023122333031663930717622804685097137028706800111155138712739635147704279467175067098559499514986278.5757897528714620572161741871406701904001490224361463026343824594491936816284566449624736551843701569210338623844509535511395924507474597711108577462318796738000621659256611759316442388894715600922131386171
-24.49309813299013277994285289311801575607797233775037294367331790458978653491880322027213974213936271629164035649176877779011419698441361273206428099541873062512869288350007673706083729387371293759133159253992599119562010120456972470076274798898004840213505607981756061973568506525408918901140423884102871758085
-8.57049675489185292207915556359006784295603624075268574214838993760088611882902122204513439366300038724703640424644814301685309959377584614478165958039782597393802767153404358916887232422032675961887684567650889565594452080957673135321862795712370717373179634439440045866788639833297313227592382786979388660219
-4.452879893935835760462732447031790724803880902410863881343110979056769111795919295274240103531608581496649910758173642282491085380069792002344058653544809512963553883315407582955110017021275757777684131270071875920048563745783186097077223029180176685141906587940941241572971706933059797437189992747105832009356
-2.729919019937702937119883121111641754685945840620449638971564025149191123428801198866504172664341633821673248580977698022155595905403231849487008293919985156886587423880415977655130435167408780003319356421022517081432424713101698054667970841001751902006595911119027993906886273078184494377726629098823694348326
-2.232412762105639953608811811815937708864760217735547291771952730361448896733771256171283566827067134267317149558711342491998094493629391595760861980054438872062660352423720755217130240302619752501392251117162665793517849178416742202803189925908614330793167145758389351417168441422054605157277610831451023853924
-1.398811167087273296792730528692495932725414795020589303483952088921308823656845060765095496795103553678603806762427683646596261795049383605673187871914195342182934246449840713343966066704747704364808894734753367639608165768659143037686761782178304896936796631208429141731414071769847054404189351568414723467274
-0.783079614532365496434468735320307219599037690815184608886476001863411107328696118253578849898558820640869332442581980909916529929271787287731032058800202384141741871173910468871088028423541884401615997046968490554906333992320958737592688452351721928974658426136108918494092466257067031371680414031930785682671
-0.7706163562479752923982235405967543734465993589167285845567879947306801927193108590790273407464869022493959265884208202409440791482165399356080396484467544644632073352398873268233088374748910141183441748754699389799586896910256445882412044214152827593371417737869772212908770799410506161082874143661161975270148
-0.2617219538577785113329772011218262388637516459580318174961509285161555132109648716847748697553836996305498983322153466605854335399048937361162434640120661690701642449862228192081807785306058823682647632006498760100065592903109021549883357919064111256870089754427146942085103833560431345334833380495564401715242
-0.09468595398200758575402239306506907584812468760703409759678790325455657816859828737437809171908959136481797531300681680792570132124271554731741159081323997858348731769278471362689975823742918652902710103464232839097418826667371629732387279012803869974666947892161741661429564023040994765712844859217659669749739
-0.07332684296124313450802795895071807894471168190065748558783566819942010575514403524539421076089807818361425879946848161554764944566419225417574921193707268006242162493021562993371598144631037339549114217729658207470873439023373996839225362579521759250622229576601764204961319173058803608731649546244438700320001
-0.03270031513015504025706097386165152467931210648781603147918161988121603658351051054434094794179078473023190672443758530803302821614202793238286310673919191210706997170816800267491540174736739925198570571135089016921023033391411848381261945827354764014311143461603271013126234424025985185997865282627570646068044
-0.01059897234956770516116335501007188446026535938497248020449475842176157077359997750230405422731838406642167907344518608510401652002937520578978500874690667807064178402636879105049789996881587665377365307205667106779726336978445654531615959207862222074076461221809404874160760681747372989613322913105878939481684
-0.003406886603129634875763593578110358363766170757700971934834480404737895866626005392170190093919222404798038455622768850886461111165802721260234858309358613485652718398596644107480047091652017455330957515556163245450828079515274032938526759504528554145590004502023908650780419982240271583703053496216698133794809
-0.0004110446263995504860068395203662646736726331425749222562431060123559061032793589275573710012755893328392851005812413090952670676618748744582812364994930840420249825065780089485243459180071719016806401604940565934994181184111765249648421463250644654265572788406666095470668898576080411289824976175725076837041166
-0.6090348727596174568224336201766635687021296637598510568282406359943374455746563062841888801535225753959264191607528236681292850702098893584964495893240151185724467740916209015234042050096028898723918357993266096149282153501874491923173546356801914648481907884527358035903561572025218555903384788944219712012017
-276205426852210767498038561320197942556806689502982652464496609632179795353090514475084257432587925562940160.0737723633931476698913667768548383827398465176372436287325971579049030330003405865881960592291594518725524155898913374638982716394898194533878628658560825672151912725191002651303143044052936861278036179
-2.771148605973098017229234196799847378552045651254501516469458842124101329694324595931650225273536496451090332459195333281825918715339961206315963835928966846948035362905210182659226765711378928024676463152080606123724997602381363037041475426894508537401578612052408578749735880197436128462697003399437511932533
-1.851534822503444970356304683008512885937906537445314852688607772963291255287052517467992089234332199086693533082061322016397681554656831209675075457167586919727985113894586840498766663673616260499635915667092292638279561475513284954073747700827853050233588580610520320047922963639977477932399358901843572012772
-18104881712784001390594142394016489015817079818909369490603907227818466023192042520695004078975307530659499.90134973564250018620100538615079096358884517415507609052183912264536255425381502280676375817425490137675423445060156230337726704451138915394430230679691657102446764615737257685444194153848883569923343919
-18104881712784001390594142394016489015815305525602757326886629522185832652769528628378057714229053806789361.22984518933101464943435137686140436050808248201252436536076276105288115289725577271999188778634357043438634124997525911770250359280973640301203166868384630468464984661175952152373243365665140250328723953
-93699927091461432112851791456332114269044773974766200280503939703647910600688804380121297366181413652789964.51908359552314411846832021760198181925382451120603125232527790648272918187906912044392628344936621554364142583669133567446069626348396936232324727926734952811467316814230178617175072971082031107322852628
-613304023122333031663930717622804685097137028706800111155138712739635147704279467175067098559499514986278.5757897528714620572161741871406701904001490224361463026343824594491936816284566449624736551843701569210338623844509535511395924507474597711108771081153348786428469239451674720355984358396537471828194576365
-133311357890488696948735560729363538769923713640151604349629813803781024783958600314096419235105722794665.548184513395347266963605118587668100565767398321083926073110508850655602436785505571950066911165775074851853061265259860262040179051442559246513929413005525830031353436466174740034078694000176743770660777
-1759219494104651179716503726905566094465131925452215643553427733455712241970834404333831008836856788191514.252494070818278714496223082809565435723840622432264698486808531477157190038378038586790514914559357161705996826693981134429367180201131261662589681796487442735086925177361861441728261020964137403177523736
-25065265455989479150885940167693340080248060167958828483146318039219625670732108454356291529135664944556102.3711343396028200072219437325517758464629110646853536467208969538625679907755375921565385966626467698065974030210538401729021928520450351147024334970540806348900823526844243309528444280333301985651940692
-2325246174219795448858220147154515208572267121393576839385517379885540566132063917541392345806449132766000.061770794580977184564207943574445487276717986827154807858161086000889042167227904679472388119471445234725088383424694232103079613883276092554863042871458318190228237678046994208481979285930638343866405752
-93699927091461432112851791456332114259186787524332123126384653985719820289301683530665679211383643595942279.45941106487587752478302280675384464222422876587840215195662007263244896768607376146739881231237531002269783192859671371417222026314927033037349836800908931024004806733946776479203074158500010196486149495
-613304023122333031663930717622804685097136812359301016875189752252899266995364051044775274865046561083178.1148082039179252603893740635177307945440289212480532878311985481401726813311282846469544460753448931301823132743701288509948408958023816314350932018433883579225662013369968117305806098955307032205053516024
-133311357890488696948735560729363538769924045752363755268426223301026438549226624416107852470278526572283.8388284761099231186536617826292255122547924846220444949449411297573238382302262575369332869293332145131691753547588944239125241539567584261682513820839321583963418670501081874767676224257113842584024569982
-1759219494104651179716503726905566094462862475092356793377657529128590521691426881277263826469636183001360.377254358655245313338399899853210769135046546033394224953132177199757770912039044443728286092776185637224230337784270923419709839188191792944153217925030810446755303768138296932448956219512078877711574059
-25065265455989479150885940167693340080248053295073230840209810467791469873755441492993251886094446670805405.84126678506206626427585610089963354221112937581816589393043317834210938487904920619072354040524929802703635726976019454012706638298381604505402740975016809558223504510711640833466206586882415648669842537
-2325246174219795448858220147154515208572276447482424805288748068962401065213853356246910292919042931294310.504263848820844220253160289789245725040967215909358513045976803974964268671523546327176304194706326809394892087110878416147650996985671276627630358125341033364372393208250838288848455938814430107130226555
-96659260914115777457627710238848112179300566366567740515320735725803855224777925244042151676672337050354259.60601501003625693974813072467499300837976940168275795147290631752704901263694581465402922204843024832267744313350826255219533769722153044062093711442801632542261474152763828396401363098680490337222746146
-118550223511902664225901886186667387939789809484784096133359168145464157715718598834876848342794604002106.2819754059393503970742478994349645340564541629651688254443025800029610439847434067247159115375912615875361175221542116432816688217065968362681081790109003078755921905928688305280131050352119106059454721687
-285440101319798165912478187965963487713067211841468581387067140071156050020692272276066141099530822150614.1328340252921240512721340010500509675394821371374193618413921500430639880191792555346668163735555796977797887286578828434522548907659285054184039825198373812302128551154956943964225996571075741486867619095
-93699927091461432112851791456332114259186787524332123126384653985719820289301683530665679211383643595942279.45941106487587752478302280675384464222422876587840215195662007263244896768607376146739881231237531002269783192859671371417222026314927259087594370800055149694026689227213328508614907697560898360296454168
-4629114138163969746299474393462004621819138030360510623760666709065912439130719516892430783250083088894007.178138160707771340613407417938091318433617035374738138000450856681207815328827616619342083633171633049546645371031342574916265407148381409649364422588389548979605044143725747831429739599897559383981873285
-1806354217489210979858799420937689000722820890459313791535399882278384963319814793221452690341368948128308.206276399093340114283093739273152859845351130264895860199721988723464816501815352077770273573959057282139645547952696126433104116147510091212745515700140451269133295443398969521693860775087210264851583929
-8369530986877190808755127292998533255609431994772986052043347410974264035980982509066676108782579697792653.000168655155801408472175253883049215124665905180863058193580865788522909863172984735188118666505987075949097205634054551677129073025086988686547741798734780590592448558297950514710352208002829407171768218
-17154213108406512584832610792920817829776000995041711399113217115829776370216484683436416986238645407913030.21922217620358091834294388689400750766236641205591230131827107514681450135873569730229097923281919208839951833126416532121607960085924327451832124335316740942950210111332243691058191778782018296075996074
-8748146841864788269908012110946242520969649391790614858985207571737943361383571651041336357299874295430141.578076666044534175759533269993527397447201717138512075620399789688048516469546035803760857128851800958648232523578719836651417723280244540726515800381948364061934090939818384777572805985951425554941566877
-10103907476383445617363687173475944268618003385112808031095197825175890027009117033630016405832628645611451.21544397691143034260503258365857562148981726103742386802249781271414427084222980900357335419359590484121398488087339339312891323311132456782455225501711169847408930020269184680750184105945227993825796246
-4828885596302684485270709787006073673795041873080609156788474934769393427283788635677072073769237257657194.161946862257298089735215332777815833416599329559223382663377854173588072025397443555959403767702536400425410337400297422489178795295848049405075172121689642124554305910210957562573490210066457209552388863
-2615714460664772622877942897120299594049193802972154610261526506464520140550008315645356956420837329362338.728202682086065699344550874853496603780051481127184285629594713763175931790027139010815362380692708009321377715467847507912223384117489276089190170066030559182847612111186876820318540422882005625386684962
-1909067225453811147473541101445246564750110277358891231197812041768850399224587900690153233144083357645449.512698793940242740203947368005041478160990876287363853973084997634895180903818658721441684228996294023896260426891923229911947028847638103822751343518794216053144848398292607240805686919751312072217921377
-692122705454991039880685068507325451215343730786430640299546877320696871398474833769549394708545064877154.9180980760634223312176267717267214477030945003630943311455217517057540352763304917634447207324981419890373294445761611452005288655309757077406502591761206266536668855394843288414362273291958100028548501479
-2615714460664772622877942897120299594049193802972154610261526506464520140550008315645356956420837329362338.728202682086065699344550874853496603780051481127184285629594713763175931790027139010815362380692708009321377715467847507912223384117489276088906392692085421215576773321018694589753188511796099793983260086
-1909067225453811147473541101445246564750110277358891231197812041768850399224587900690153233144083357645449.512698793940242740203947368005041478160990876287363853973084997634895180903818658721441684228996294023896260426891923229911947028847638103710882268193209251094902308924706204266368850964224947643173054538
-692122705454991039880685068507325451215343730786430640299546877320696871398474833769549394708545064877154.9180980760634223312176267717267214477030945003630943311455217517057540352763304917634447207324981419890373294445761611452005288655309757077409872054566013838888089450501029237535893800120873837683469853224
-174720858119224185764712400801712387403437972479852304517078730549416666040146399388829703585129480428473859.3866673218123817882137313170995054303192263640280130294566711694845635452174185131699678972446842012405587643723331582486418511286607042226813403959037095418874995864727385182462886958073648968901998334
-4653232489680102899922201003036760435977325847128782379677748223492620141392773020198001800431419017185495.943793590502845138131184679337173106878416346584590395441152991394397271188438898194075137498317735712869588979955835119153695923086674264016187120536791931813028110318795825862348503817256763534900187603
-2235086795116008236017679847655343570879164407972962162231123567783633244651357103543013905795902875444773.727691438147159033028443441774982775684473315418469903319628482921774892971695183203757877551185722274136865468844743301082539337271950131162320689134742372297750990883519138131614908201391571654014133296
-12789796665767860314422071070553303494696267432904037036934974915306541002345849649287239202580504198156857.08727454299597371216709412929484796418549981976251464813808909414010718662616422703793525904428168099714699819733206708397889766265880569245393805944846576333174113600569306663629357174379959365668674787
-411466331746797156847856356904640039166012797115570992180864346977129417026421525579501581253905956062891.3680019150374742823510694208440869338285051337944239448181023916954115008612889732756432970472877215892206336930451470016346098182570050228906614989885004229849580075941438449824340491146975623734907418339
-317751840513365681194514607446197333702285249790056902840459099149729466101498653189764999212751505282811.5516125390788426002183380695655952944378146982613638278214482705852975702330359375241900133466059952080170392967695732877363800531104593209556493561849901779596517583343851282495094843600899156195283374408
-2615714460664772622877942897120299594049193802972154610261526506464520140550008315645356956420837329362338.728202682086065699344550874853496603780051481127184285629594713763175931790027139010815362380692708009321377715467847507912223384117489276088953184385586151805452555051477862903522699684503177071100047789
-2065658298802604562319172297767589518370374021355588531197153704950939989381931570843148613130145930077815.789369060563627265337532963288860538896338901473899518054364792187003998933013986746660873010148015705531845958144087546274008876246000198412734893470055841821186622826035497208973371729269258280667864167
-2583146979697881139065359445745296256222537555801253412321441465645404266004757625446290779929416133497081.547174105835633232474491310680549275587469675519323556978736614298753794166492429482243700107105670424472486500960337353115335520079258117417036736707998828607642169249935081499383746942334097194921755246
-211999844423079772723897679172123143705385414662003665492461041780517508011171414381320919708740140309786.6938499579203503141980823448806831983734256627343402900662509263000864590837925579857750496678014092298108358316644241459218931637271659430538301741905642771942443590050660030462698537799309953543225328235
-246182988281171880075401286354464324278626884618061920854516999887823648290615010746144839797292112012505.8939601125445115061647904629858429500226558281767146008380723629238989628488875404127959173001319812292094934887396043161055774779170826260792213684373139184363046547200817279769617464130956180208279938198
-4959955339661445292557966503065971889158708378549786578383654445034828116084362040888704454403807082098728.749376152673268159504239101098901902603581728229511590240335257990094230476376966551715754267830212194454361894707117617980579625273683189366665772738417927620388986238158315483161401936506795805996881295
-94337979449178789745601279483992246481456630070073201653938466855578800793283646407117695861731722711676.31054257683211832251045508302729044164116085028096750373204693996438289276678365525230716342829275441297889357356708025711964371365324498307333715157666944874975393190532418543242869504435380697112833936083
-112503857094160147331277553691478761843498287971494718059534610827653144640655144788288321164624113276315.3012076813039634523621403822596829775753586690325471758496227418051739825220798955573129611143309603856203796125966436309332869101488134970849000565752860590159867937674888486476324670961983278036821054468
-2615714460664772622877942897120299594049207217911376059615341750575623191133974733045188308241882504686007.644542692330309010183594768796619667389769614110806535936836089551354061036985027113563371087632030833562062858306935577217260143706933521393603662122284104448121948396186279516806114557616969426052470158
-1909067225453811147473541101445246564736713403025380225352249971403583990362941404939140705186238333409300.549677721336053508473170213803741272241365113690468356330573713695454251924926964238495665006888076896554439613272273271971814227584243456332172078209960911067837115199019019918094096804699504114319855258
-692122705454991039880685068507325451215343009887410527396005403720556501737488593980442493640019039249099.4877572885190241551745004761833836240343444012708812894367909234140384481468186553155462548449002681529134043359832840304736621034716236698243585147446540842229227463088100974544191555310433459516059504142
-174720858119224185764712400801712387403442221555264186368704853080930623403881961494601310129213798539299630.6291246540845658893748233220269457158029118647141601897296488015098880791634866096570507472697816172498092299989764441307860764501360715682832945457336653268933249008697726438227931098013842350508568743
-4653232489680102899922201003036760435977362819732971954293953905412350356357040934168615846442424509201189.003134406876104243727006178309323865844093656175888261193376212431153258219689778984101994587317018870987749119585718884216194591857714984391065191538711387754387197694833712783524070388282456960249762577
-2235086795116008236017679847655343570891786600670673025217943186231329489247457239389720243275193036393005.896331842507427623326365306697473154999649429648033256013576019158702673971689712998615646573210038597930693598510298893438290689857136144008056391405680407763493709177368298700828246850510885861410171469
-12789796665767860314422071070553303494690354435519267838690618683524854125365729130051046820268630348722633.89562877856089509827523270132580774819459096047756024093537360278782178464240898843532596519898893381591510710636119838364665932608746209172609064870703264964474467382005678977878030127521385523516363567
-411466331746797156847856356904640039166242870929535818059057658028090811176087634485195270876784683991778.6168755224389608993634203064642055552044392951465396457687115749980450896874248574802227615839490848386242057181584427392341946212187289841326955620237737627802182091677703742013546338555568851934089388744
-317751840513365681194514607446197333702285205894791980867051957767467553809666392000359157293496161391887.0986582164052868236017888488245934340338112571008318541470489386602024903872396224077648020087916760299643090491883488139583296804227334444289756938783227709243391346828561644324259650932280015692351062543
-2615714460664772622877942897120299594049207217911376059615341750575623191133974733045188308241882504686007.644542692330309010183594768796619667389769614110806535936836089551354061036985027113563371087632030833562062858306935577217260143706933521393574716455147725867353885728762238305375684467230801345133020564
-2065658298802604562319172297767589518370374320100078301269303511936250111092865189614993153170859852718204.75953437643522810358044805466492141996413102392688659140930602888201570404046362707787682528544860835939258355266948815719860869251874373664275143024804518882300857837874100892343275039936784214203076425
-2583146979697881139065359445745296256222356049609345723277747381386883523443692746856604642010043118100584.005366768984342735817446102983594472170283955349594688750265399123602947566463839103762208851294617147561953637778219761587842128063110306815416336805617312466067882028033515612875556858730299078909451197
-211999844423079772723897679172123143705385157925895800130469273131191030187522844019423168171447144328376.4789579267236463972725635904663653746974770523955378095423834813235824923100987761977878689802813627098594265769729006017026438026154317032700411519593041935784877756221514184239628576866941266621195149049
-246182988281171880075401286354464324278626884872064968313489838615627491693098259403016236573856768603067.6624679164585103166584930921444384854691935640605968914048438518942781117166892521535071966161258152982004236937343952522133854123219868580214046647164710015542010587915656120927132399552009512860069391125
-4959955339661445292557966503065971889158708374268810742419145725070018226717113746825900044162389202434343.433187954630256951120186453915288821148337537636384626202356948229000155401460726418743018026793251487931843580625268639788305853085193963706728513967140177528692898110217331136750341031776906903497209159
-94337979449178789745601279483992246481456629931929295243005103889731397116946333633273069650806276641187.41392994527396770680269074814913246100107875462682507304364719363848145844626440469035034755554885214658520570296405073412773233196139126485630452244536719283245080955783735938428918869301628545072125014038
-112503857094160147331277553691478761843498287971516619186446385844674842374018397698360168422885669680065.7978509987781264161058657373092547760912222680947120853179188133580159082207775962479174262179996244642751414513010267393506551719900745669915386169678187224457258315581945806973808397943358218313392402189
-1521260578374969173424452770343791879669665441505367823771542238562589737135803902638130147039473664991955.670283696636684808968397793887224727193633182827177048162481407464720668613822713311820670976079927995663497937140738162502230299265942890766146116684728275421649050910084839666139053051291085687537659428
-1521260578374969173424452770343791879669673809529041202486957987190449257346727526177230978281746845115591.918199959762159042807141416686798695814850501053881816797440260211516195208684281283731197022477548266479857961037094514362238352279961750062661062667572274833411674919460615258738297129366831847099546409
-524474343921900626191145889449723604496436181469896541286851957749951857047803611693983471329624238690819083.3191163613131465274584396868582067192970282646508214889168882028033454172663321586782519498728855042688895403113390079222958150237745376041230943474357455235369840381464523224318231035104758060186389946
-149403155867503223824206286584337057605683356955421941981653257681033836155627207442858801690073993351118.3225160206948900633500672980581779075710524128244291480505150698834155373172440322041758159181092023080089871053398020570306144835113295626798625628479359657363993718080606617668530233859975986271479557718
-12731175738339048384212015872133064324199937999592602755510907117262017382850184354041466666527748314251355.83553208718390434817611011950004769868456052822839726050853577258991248237817995367682542558294206291187747843939221312997871394865861543713776753043870659870996730475070398468850924911753345430771841017
-17663217763113971869490294678366660811907971754965399498984364909157033980588366397633336559253297135020767.35166258217603858687053251870209836950761936058799585612104192420827295243325706176866324941131714346644333391362470259231218276011181201157755474397792328849525254393945904514699316983593011719296898592
-9122085424333029316479104600929923699968695537605566612143667527642745505385139451282015395531767512874286.499250381095523412661317761572008168795397354009723549419584971026981889315392740223620546344124298601354207221331815267254705107263171962133931827611036173727674028773995178869958809673839147623388471342
-1136749265199549620203080371219459462194030670881742927803657725530057505153974784461711564143716505640050.146139200725743713649968744690210021000468393512658797359666910887738199802766037525637411502389180510193050772532010551499536580470860837661921181042698017885004764947514140984301818576315756506039787474
-14124182333825340392504091787408583954605405263981973057743375021835143933183957399980235169713062478740060.44187826154244797001428815147813702004634099527975663870039134429632917380255273373320416373018354113378199707343609495862617855578901058096936268788310610993927313579018030022244084514977121714392915242
-217203074942520060808719330648891408522862791414329240284963789882242951477871479047335848525131838516115.7635374775925586486345110881243788992470613317815414794832875603165102800031785660516009873061633257256589640741214172525662438117768471732774998126236876450728479257309405555362728916418430672908096165652
-1521260578374969173424452770343791879669673809529041202486957987190449257346727526177230978281746845115591.918199959762159042807141416686798695814850501053881816797440260211516195208684281283731197022477548266479857961037094514362238352279961684717683111289995899999756410162226222003840561515184282210217594709
-6259002605985649879863370464210711666441720694358071780840061720461516029287255866587743785835111231527502.706710675364600203174582313894219433904177160204189439435927911423576217331206595208108752144894034534280885996403965565754733032130641235635191413694588366319957924028204254260176469755737577191299432595
-11550548939434597381978536292640278449687446745608611302035904707782390073903377258884496662784869300599099.00808617745247290350314650928681182007611118519804671632986607684011139645025135878269530986976083566445386636287094133786874325188486310524263587418154218363967803504731904784456620058123923512124758733
-617926238690166889797870850713309734818501312197166796196003765208137028478182938339502007405356747040333.0659775258419077200864117333745119514548590848165920323840358532263287294283136701942370621811629422325675304163913388435004628518146534133005441183754823471368809775616371391368234881946675899273178802481
-19980232874649676647554153208737983056433132850046697312716932652596137133680878809616919402942492880306328.0317687445135367456994862924694875013554014026994423869974731564286071418648700256043864678036614775087701723125889383672870994943713728542470357482341320935372122190811347246907129312072910194276495768
-11924654833344478380504186762952982876565578984043054079307026335521401483882768234260148566930359101966999.64005327808093535543070299345860626897733231066108888647405066390270459399687749941496626055881814952191431122044396822910459583121315536606237400640446393503476773787463446117866412543999426814031517339
-131453186293430971767917032925975824298782982650661995134709096101900095792872944906504754017938231929745426.0998801120856199050513829396582477546939068781577343714204683992861901088042842829510913780995222028187153877795094791222487431208785735507439717800437616624683823877681961129386181630057357877048276066
-4362412957925806906727019095848875490178061487694358709771351035527163126282485876666440288131252447468361.414025521106868118564080479284986597358655084321970753547359902161494602089333668478380984969947924835517276300355051020770241990482790877870563364490087622981434439251028707068039204023309181539420499035
-6359012730552283880707299272743573746309524828478243516629619273999832108751523396037905584276015507141971.435744533081889615352495090159144414678692532815316419787415116114417403800417647877885737002340464809043607186721772746670807216404049506352105145950168240073796932951494086689144073850390714372772062145
-194109436832480531620035550242622760813723655983512477027589050408476463774953623939465478964145450220870.934116570030008279773566607282685346907492457569688721457777660422276337208153580297558855134494587687336337872421441240993507293840360393393517546566765965864510344227937111366489381695495692747503919933
-6259002605985649879863370464210711666441720694358071780840061720461516029287255866587743785835111231527502.706710675364600203174582313894219433904177160204189439435927911423576217331206595208108752144894034534280885996403965565754733032130641235635054562033840266413294692951082526228914422487197564427246081888
-330390426161779105372991351831213525495831018359879678957270025418658363056149843650441653484901408089024.5235285893848683026603641180060362997448230350831718545896795550822274565009244005943345802500591341275368556622564383160187437478227399914440213607380969854721990869430310835105133984425966041210241365805
-80027783951570409876009891245484337210917280068595859402254772194999181164503413870102209240517061426692050.70818812516467280567376658369515968637662901025964890000816642550276914185776557776369255364600178658894611615875734003342220765240527863774665637578604135982654453220572079885866029984615039418620689978
-111105400265930797164528169290129191689980023793278556883806149872547920349652332060913953468243997576565457.6364263705079421675954498543821743917173026309894779960193315431656570337594918170143636533857098307830463441499505488513113934927530954469749723611448548640613315182789808232817516576258068321723796276
-2099172626149477396601845537140251684774124034761926768656231181806648824725826574954732192486828014881674.720802252756022679935250618724950287889327584422544583009493987447167278498634647958875192305215494399756119937863170371560272278474704183171161239679397908016619353069436233803752865005853695396629938476
-2912311983664896107855730186692945936324941839276297165129625027651900376148344482399563794468587813304928.54900526154034547603014929598704604357672908411247160334352445759242508047242533135846497887556771128696358857058389213840690968442905888371065008364864732375767451739361606852331738037872313331789133461
-64536060762983422695417933464632398302006309379045031480472588828995072260940865319362140985980185576462.49195754715618167348744277753602825496306753102536633828428912456734584750616572988087799540716417575386210348126141437093279286792034020037666090878391926652675349993984760901300297780394736896669632020447
-41136436637350534567977997955129783396943632866897544296852716776479386826692322729178964723844859412583249.54320958967852498012112922727605088794456731573033863116168729885357738875377495534940450307932256159309891156140371314390497011475269036597843043250574322392731027384397114696735464655370596091405351326
-41136436637350534567977997955129783396943632866897544296852716776479386826692322729178964723844859412583249.54320958967852498012112922727605088794456731573033863116168729885357738875377495534940450307932256159309891156140371314390497011475269036597843043250573897636080445335553679504924329601254981455853217316
-41136436637350534567977997955129783396943632866897544296852716776479386826692322729178964723844859412583249.54320958967852498012112922727605088794456731573033863116168729885357738875377495534940450307932256159309891156140371314390497011475269036597843043250573897636080445335553679504924329601254981455853217316
-41136436637350534567977997955129783396943632866897544296852716776479386826692322729178964723844859412583249.54320958967852498012112922727605088794456731573033863116168729885357738875377495534940450307932256159309891156140371314390497011475269036597843043250573897636080445335553679504924329601254981455853217316
-41136436637350534567977997955129783396943632866897544296852716776479386826692322729178964723844859412583249.54320958967852498012112922727605088794456731573033863116168729885357738875377495534940450307932256159309891156140371314390497011475269036597843043250573593177932137051459289258896400252730681970922592973
-41136436637350534567977997955129783396943632866897544296852716776479386826692322729178964723844859412583249.54320958967852498012112922727605088794456731573033863116168729885357738875377495534940450307932256159309891156140371314390497011475269036597843043250573897636080445335553679504924329601254981455853217316
-41136436637350534567977997955129783396943632866897544296852716776479386826692322729178964723844859412583249.54320958967852498012112922727605088794456731573033863116168729885357738875377495534940450307932256159309891156140371314390497011475269036597843043250573897636080445335553679504924329601254981455853217316
-41136436637350534567977997955129783396943632866897544296852716776479386826692322729178964723844859412583249.54320958967852498012112922727605088794456731573033863116168729885357738875377495534940450307932256159309891156140371314390497011475269036597843043250573897636080445335553679504924329601254981455853217316
-41136436637350534567977997955129783396943632866897544296852716776479386826692322729178964723844859412583249.54320958967852498012112922727605088794456731573033863116168729885357738875377495534940450307932256159309891156140371314390497011475269036597843043250573499649457483644554081432128120835105615884143642482
-0.619815215626468164292065995400980411109666636035948590271581809253605667376851921374134435621741097003361853722049230344559761175248651774045932698276901049961876346050337550690208973666573120409504712417535108467274189281980322244384539017852188513243245471487763913625195081712868166847915610946939044596674
-5611010236719012018609157215922269146319581138135805.772911163768351410613141847972045379306107920742486549302803644761254836510117088788279984088922626737820184327872273153889925618024467285879315517329400768991688738661575097058371043051530442209384494920874354878279273615912147219235908669691498144889657925
-0.8073909020593178825913643770316040760203384823290718539546729053278751529612663400136639494265698187140361737770167218089386373352786837477917917545159103370584129731012834731365844744816176913662022490014572963369879409224828829364577373512578570635704665594279608696914681608197736928985989876252090293631808
-4.315298962401594167588880364034154210634684530565767515908714253549095918369218932147221695349725023198027163419399753923474401771405809258597093634621918098536977542620030995420190861690583151210865934261012120369571681439339204025075031522239980185753074817352615941892877750247893995136232458087069913013007
-49416581289594715940817170382314603563759062980899.40950484779788314713212089919308216266063270651071371817706955836001461556775859382073062809241712488799170059140082301712518659648049874239964832297412489793029323446372967240659895349134009364397408010465397161431123803404092036952347219074915758644121774635
-37.23777006062522342576255388463807631392368995277172443330966334101519094887117936439933872544449666707168472145120145532579990109252002181826931644854061274206755356770991566192453383270580329420094356189412411970920200116750293291024591603767671748371588930002084382538512827160980143581410621767627862832046
-281.3192768869204340990865124963155323798478005630839644549507526877774084807210492912548124849041085340765553875001011284254328001148627034370317249540996967507268659516738233510145857063398904783347267652498412750079993531146750937154369567315137691121310166718821735552622170636660866864227665057889976857327
-214.6934309481562520671281166847197397409696545810056044537335043130773710382198519045941398917986915109866432106971020242316691410693780899069487271640223838091670173014994286286420471252447173064468419894073657611838284085354123967961680942193253135986129563359852648583197772086215625337480277051125662948831
-167.2845165038913534665565211503818673197649832281466378403373352493346442855154516253611091502798684324233227379588683419598893328392857388334766010111444530058661919187517203681220474276652810199533284246827822031941765449315526390373692137684015546818152509522219654800187294389317042334771263130425412714587
-132.8086912355787847942853646115659822225998356009291888470491986494574063316553382801010377403499410213021226640798749585713614344216102656438827502578690145768954028481923505965431333872358124539091085887236575306759075883343741262900323319115596167292687966945922079163693283380334689519791548773695388049167
-107.0488679943941064462830814804417309203981133870192577384386464440237001340328349272745494238816633101300971241763602284455128037771679349862646418317795172848116467168024760193716455132949338031120816201267852055231893441292097598946642200453998687750651003309817575383494890281420341018832969410081622228611
-87.43751075223392404132629101570958124421361942649314934526369933919764914336244042661173061520620116468714598850210792229091047089301472504130168798014179619549659346680648313608827747971714434551845338782832413546387609084109284270625598124685913594993250883584739153502609719349058760315003484821975213241825
-60.44475161093760686355934584241894115570682789594365328348825751429766771423894760155961961434565285591606190775026257888786846552872466152039482323809144150835776985777274475048542478370003510748045324897891932571252372162196469480024067658520174754018836279358711418084153206348129497789275411346149783832063
-38.83241229202656229235254451926511027183896665207278779077028620577011404999592637549264478259122168508840528773061982006172522320218334973266641948964970685130657170022331663760556753928320448528440678935610708463212034601088713291951418733913833648683922612058633397744146506213985356883656227380417598329713
-1212908764.530699937910419022359422677355745616914445089984072136547068535090455327638666248432450343978397471044473218883324161394060750274858293110696304531837752433711245186500197690123655139678486602121230964392464198426902333249229279341830097617490393134211495266494727215574243293454103970623135247908448
-1544.837455960914218914943455393819630642999659749778863870964766144060672145926827147833756215830550197778750112580855893039283619279162751563328549570534063035176593117861084084479223415508141094111155238226866497664297249495308122594240292591690198194910677177519808901357094556250295825930066863485591817345
-644.0042162765907526988287045726314206363750461037558747084578755776796407053933985006944790163607968867380507209659537104617586479913461430997173654087859130977335585954891345802472009215887648829313092642056169630592980902286987328263614922435241046472212469285437820018347725637005704185780962549910513452387
-353.637632830246717611536533051518603768080934598826591140619690724949549057175908751107766218615995061708864643973364963750502066346204681366365390899396212301259384148088877929254321909699278578510435177998081374756433629720198639871205745481117342022649985386243985031713426975470308167838769628539747708431
-227.463283242047925113273300572465136627609765415549361563450361257614352847171864065267026212111262455619586846865489311573425099558403416591835310287993903128748588533593288085653421458817329984005313510739944195219019453241423727976884995374752860357714004752666845574909089113177998664242399247128753196217
-146.912245086489127602744057721687679260657922891795596909085014592852534258333629491082370225887674458935954119627576176524140083242330932959130052651393807154137950169802313381628841998857851610471619220645156983968116872418524254033307500235169267332915323992836039857350492186950419975610014755843372819065
-86.51487930087718907091222795078539015809974153808372033493731196415176376501753860184970185470092645114361737037200091161011581827447438400487738338903626531730668913812425954243246607364914648391532769534664006654515790107256754633948166408792269296153974328327559259678111482414184261251718614039569714735244
-53.40435049753637200063418460667336540353892467024693511069391102238976124359269268049272102989640021265689430803330246056509518675818532498694642830288083761691274221121928923232477365162291641072168327648665558572991315141424766248329886039705971897345033851081476326552481602392026183034286903983932531683208
-38.83241229202656229235254451926511027183896665207278779077028620577011404999592637549264478259122168508840528773061982006172522320218334973266641948964970685130657170022331663760556753928320448528440678935610708463212034601088713291951418733907344087530593759760146388608267478955257613175712244598900681016102
-12.95088039357595569297077130645140033041945747641248253734791986367410157921886064363807322517509849725014971257961764649747287223720659790965067899574469091062632535581054166721762334394676084399612471121231869365709071975547757671159287582128118982557582653527222960954765846641572960578244951448635207955879
-5.96709444712876709221583104428170879193742791827967088241720561575966225028348259063286037422092205240895123054187866314284324144369635175548842356133830617407982558615982416520539930667998906739740204354356172493188239298138085213055944248184732164494411708600696862264266556173234876703355468696195148621097
-3.999817662444621774528565625047929027575272153571577958400952033417288525718382822814979101422783318919829163956238721663386045478733283733128022021493290264368426474812616899284124234528316409415926236346616310509358576589972236097037524641688551089746411063488429341834743358746663669058175939638085139465681
-4.315298962401594167588880364034154210634684530565767515908714253549095918369218932147221695349725023198027163419399753923474401771405809258597093634621918098536977542620030995420190861690583151210865934261012120369571681439339204025075031522243812887391483159552882169060221477640574275910048257856646705515955
-30.77135551374141025030714154394992820973406333847322061905338880827563995392019557438654027129323399002179530570157261275175474318893457304136149778545362140872870603200813173409914332208338212894547243397366835834847827535346031607931263123123983437100209929216323640985728500417695836639116375484009397932502
-23.68986696497616102270131220569464127715895675038975089477490022474071190549365548937124547014895295464525138558720246907365620608201807201423771193071529882305303754003226179835132825537189840380949433101245840816080265926829031388831762261339524533507487683239784786670754152336065860387310309436113221431731
-18.5696946507830200659279208447267235043911027355791575940554243075055798534552732167120763582647192738937920138798351208069971320192854375556974880033624096562181090475019911860035112768316504636064277880241943194177939457380411188732711054251176109644081087874477336878830459666071953044210265011616622948012
-14.85556727727998020105016184220209746011035735798321901876457227948840931614711800483283497829436888673910269936515138685347330284495734895057178779275359413429662381215011224264229711480205752046427247528430142651331075352367015264277682644211629450576953738245870771238818946234465483091011813956073221623975
-12.04087257916975557158810343815520595596521434588880279075904007483816431257172552090683328634550509094734742684912624853308078149395057737172341928492707129495477226026281631908202413275048072993360456289966065935443547328565308962592585643728638668445357647667485025920837224460951486460192376108984525646078
-9.889676480324395379854636021601573338475078930750513463686928041046443520641857779329102746439722352031774897746021365026779850549712970081694997046201546059849293369138913615652482853054986841696072285361859268837076115110215539036255807761538374674468768424501897972465969272034123449351434617185525322439771
-6.910053870378655589947053631256307030060788616871928404486095236871689700014015362235835406585513445292060757950128424206178385409464553734643471208096271489206066702725792767109797040268105781411381336610571016017688994655427472093598754853336599599329016953172013095744520318034791464736840483904694446271604
-5.03163367727961684612390591399244746803032241739247467542590842860365751090065182357188983211342541875117078459980876684709821918211305620683923403860905597660267352686358845988375030272236391973092940725447042461178342373876773877826293453310590379031437059411666930124649990476821823134272586929192265379187
-4.315298962401594167588880364034154210634684530565767515908714253549095918369218932147221695349725023198027163419399753923474401771405809258597093634621918098536977542620030995420190861690583151210865934261012120369571681439339204025075031522240077078597075297316761444206385476497764084855198576582530607998129
-1.361495117453110715645853174353813361571801918619618705808519054465046888244529976691973163817398450639744316151389012057389603576878938865554670477714388371890038395644622927504501228545926295637253695425435663323347706717634821026436912709820599977267497807302253937823948989696810912715901302893418618579698
-0.601701864715371265889902442595205225036164161610764721485346064764949674708757203110039268635161377325296322492889566454359284864574152314787738315547006805507637697107927352770222429334224820714987355305532318341094254022652202252310585597405827050539257552969824795805493808065749900827317852831009823761967
-0.3244987048302140997584319595052859368077021449994307638981918350406504739218416344950036388700087863160728516750103263728142995218721596171127611819070099447190082008511200883997174423417155731353059892616880677426600215771907633578994738303918106695821408937680906818914968343882360271349869659781064888128444
-0.1308969795391760203307896334325038255327901478677903139382860080721007188217527836708813144235980253778600585385726783339212654343467913548330710376723033618725731342116563344843615592523985073502242678394028830413585038381732647648145906237962953194066109384470561464189029992701265555452866282589901917465954
-0.05142664384099425982007865769581549353667130022369727069039474991526351787562293406629118555293274608767587147311996500180411828803390396335811066292609845911419525755969815339457327906736746378230982594417071856479383252081278773732661642429366689628260328958015782770403969107875740408496485943398519527283039
-0.00944144761731026067469879140980661573778110312935584455013626545306126578124915112311211187576060284380301547515879872704861044826142098604284597478100846622291984926300724787313102371132141066147574492481849521957780025569643590616320901185583455583375396696374722569671227113500549624662245419540871976913085
-0.001189778747945695530836574457776393889261058607487012844805869634321964815762621700754044833218498675908557308012087622661572192059982506496672494801058783785448157808338850765546665344767035668927632556425886011575054995706068972448377623126607972492204484982303276108937230033462365811838765669348568229896089
-6.161364150109947135723613386389078294958382230783155674467648842893167219627918648690000761811291585094977151881167783214830924807213528427902495039455852346527024304994855883741675702470794746895624032811492245879403183082431495581552363901466588456969331555892960690640909697671048084682953710616451529559471
-25.61609432358010371251075678662027565233120772799878714541892168833011958296127491723310953057908598660917420349922027594279696747921250750213834175747783090399893470205637066105502433280820645696894809556914095237263884234789092975459221530344201888023183226028575745872771633163607605181972260863768242375237
-24.65108304564711669820847434146196858156776061132820005795825631043196159626861173798493096225973637698030529190742174854262538598065189689321245893881573437762763921442174516986711007407231402722241430189147830237778002578908373721132078784561203942889296295935021913705676079777586284547121234925795192389721
-5.203188955502059242638155848240691179511522202533360709706152982103587728864880955764783266710892337071826663220466453801765856449828884643178392760205764619113125845158633174721821827442494786499487557478017993172313446820670384529953798746162501272381436327705458938320708403712909864513244599889184222070873
-5.2031889555020592426381558482406777938361698132484305865010005410062201430440822210890066574630037603288602375981342976083670957075714365315307458792566029491020415868982255860539599634249063752282127024997544965571342116033194820792915708502949252354705189931354206480625858193997727083787435186239988303482
-3.739625855209650893056462469189178189150784721484227532527368343390361958738377684466365789176036542049966423141879316023111924476082230132607740436850939669800841003215635500820004594225913861552334749856428806412176196754018500459477042866462020555482204204500829825394301296874342363582226100546245419769192
-5.203209958949912004059227868539384284825560293592166728489455234074355605802723892439062080130441422406741857659697929702221286845138089154479583829309098544158744791025304337173741567538374194181157149036284409633632508721496826943923383653527023223941383261635643746035490446186430538086376130215638241688755
-8.203093885722074788698703635144443322232603204283634129652131189297320723839667019710458854785046747466850279921970392485683897876146360709135854165508763898060129688701973621165290236147090156366368799694259638247086449891805834853982020630852063184032762589370492036479032900470415799860910613548348368596594
-11.20271001730681922339921843564126929359247017668185480832668896947445031956882565995786062227283219020344707304365710788698999496896376761457579439052358968028664196948409897846454169468914647796646696652871548262722253323346147640935752464485221117403901037666015132418488106408022856440473994214484589415187
-14.20271289522159150514736924387734050513781107338226397521644631926677289335345605927124391300528583589951831660900620174809919131325878067374094632720855311169670850455040513774055104991679192858503775649830804104110520869035144970097093918252200958600970257619526838424355367096182316267287569116997482544554
-17.20294701851868388305002971479839927291509098905763758334271589114694905077735958249763849430206002892746061582669929468054188152103819463208915796690267364877567154652574304938309510777824859364784809271805608923493662761502143852614287185693595742033220016630185214825681642671407547187209815943091062659107
-20.20267279254326451764061685942255305201646318003949806316132375284185402305386590650110505509290205448135917792228425631618469903708600993727853995109227505864912323045651406286719434070570911996786754954614137462089723073578377811563217138240919526520262688494054779904952419061307929609092347871429874176363
-27.70265742633610399694665509682347704730168570134142892093990181755731477094877049363211756406917295016813617806543887951842050343781767457871034897187237369804580326995691410470328584976164291380038562646308494279007860613803330143766707047007286454937025914583579373687800084737637210398669541531617550976285
-35.20409395785402088608700114224403797831539813845535643056042873407474816629342545782402588528887406847117143984055097333891099784427993370607231021970013667746249933302100363915210417090074906402867657804993332183922480207592911290172322865759887602004083880634078236738121452681663987678101490215699935449184
3.739625855209647057480611191471632976504606012818250031323473428778281861296924912392629171942894701707286702413438130782930673297301634484454273814180709506751120016910262068888803810493382176079787516846247799499908042785552449026852798964131179343520135739362988051995271237750098685227947824179744130009511
-9.016726339776259028228335029127309817276109785590610847688776596526469573685754993061856449083174316492891914028492491774611244720271240053516760029934297686666748037866837815843891161433521568484597354849413687993389381534115006966877453596217427732139331444823676978961203030999912844970811236337830093526869
-23.06809191992131647479843080964434362488120368336385646439818038551760786964994245809888524215057677343818798123919383176895170447904859050838816451433565746963564953205331796113882171999645576089478992861905315666686791721778081423913297890613628959251019167734809635400954756865608800205832847614915930272838
-37.01895881552018070129548055184387184029259714506436530396291370025561392339024854074482020965585165734938967594269114577553478033885274158307945603022276071046366331325921288287191560701039657527376068750956503418046433440533743446294471134721128460375670547675295780676017770820654716150707537691620778385032
-50.92593750392455047673462337055182757740272125005720284110998181394302478821090560467934873130778377847486211284426025891637606868558667144234939614133320236182035223908478330215132633563080874416600218871828468352610217851270035628673146819888643344232376148915804526397770469554303505603140802930156982675423
-64.82033575621893336179270479893248058127432634925330174117749304826283794847349877861315991046706789460784541083590738498368790366835501030792641971226396663032891751284836057602389935761263767153615248205717659537984939742438560453426997824374513897701974314587191075778439376637184181445618340702141777695127
-78.702476168489369368148350595888684947754737371358421795495927450298623078693214289526321662034958608288373115542346004922897361203580521319566722838050920209652199603719349465894039631596934553303986811222787514792637388132963687738175784809253609497905230893782912438320386892342119803708603955365947074197
-113.3524686636808122927204342678167922881933568254726515216221255028063762260900964225663174404924395373489475336154992106516510340718401559820633191835442509598462491257095682270987959512810178014261551255887879378434440378720613102217041809658121556962104541502756014728993068514635238847514944372764364673993
-147.9773902277296767238004820659702420817589360683268519778461486137970573081564222755376423822010875499960140859326455346717246096790985606474310135079558246918263940113128756368815749579166151902266182777288162338897918560166450748202882770809637919645562904347281718546875685828108902372197725686839041671575
-284645926302928212155865084099823592544225861443584422139417640829354580977566359219040719419888355794789179.1688051978311891048650755099014462594558391459692018940503611763623456696600028023230695956192282205723464249138499544003382488046817796726231075797296271358386356404482871864476527708572321093242376474
-3335385611309995946963021098397655205919522213658052985725038528720148163539595233044316087823542070747288.252563824663129521818599305116412311178991846913755721788975783986317078945736492778082085484351434502938645976049328688897189659016058218851702771428886299065520544987880272250002216632015900895584985806
-3335385611309995946963021098397655205919522213658052985725038528720148163539595233044316087823542070747288.252563824663129521818599305116412311178991846913755721788975783986317078945736492778082085484351434502938645976049328688897189659016058218851752462533525498748476582694080701986789058677464219713722316271
-3335385611309995946963021098397655205919522213658052985725038528720148163539595233044316087823542070747288.25256382466312952181859930511641231117899184691375572178897578398631707894573649277808208548435143450293864597604932868889718965901605821885167151094184965846470802798783731983774504394352305445900280524
-3335385611309995946963021098397655205919522213658052985725038528720148163539595233044316087823542070747288.25256382466312952181859930511641231117899184691375572178897578398631707894573649277808208548435143450293864597604932868889718965901605821885167151094184965846470802798783731983774504394352305445900280524
111234938458984449583747948759154611119997598767484413.8576805079371172271498962036094456561870556448482592513473912192812197633101393337132233221283347833151762105554620308828422480868426332895404329731756302329861747986781930752201419084642653013263348363235786258625832837478203135093401142324564192930298294
-0.01730804333127958434652256088120430720574481944572226215391448046621576408122277234952762760514776821361901274289774566048611639446803759957910712012374855826978041995320799084800631245358975222343009142592089648996340244588404702188744578276127068228772127249197642741240384822350348584153431169380632449956324
-0.0893874172242794938899594062331855881837509687180241985643083297245655501074968526095647613380386622288353927847640610259031926678937645158597359659679986052987205192189140890554358792243321412763152858996699064137009741535875988663597551521426348972579399123321707534130004333410362667585871641611031805647098
-4.166414461501604096507945153711367765417237452966839707279704648024996997246833840775521548916486930913309965570832777838358840638116788192284447260021681031104564248659031474511573501879270778557959007854968635632786380606785179598651317435397987270479371979395000924101527332790483405342409597323171087240154
-2.524153956911653799979083313221997285950606297893222551230794171616576113508572288044497354963912481975315500779072032025015742381236029778908997866526168526437484905404341289958998279186232792914679842840339643975620379289431446898711582986408834342461502618229059362435598111733953102888898459504635761810526
-1.578003202691431692607642545888816306173601189881248556749895625753737450481208829862261779188762446814252200609078555760730250197089208799053213825298142933336119927668699945024452045063072482811609518613258205806335963636885809899922009290485934377149010909191375554833251532588760244266678523406660499472099
-1.002106283382871993343960477179464769658835349799332136622246267054637561477878102536469709703693561655296540112175658538459183948328830729490034354601040542553154563776394220835768279276261706801612823484518751656739033872432854140574065396065375361754947932841446791684708472432881380031800059948966795035219
-0.4384623397124738694402993287830456811860729738952950200130283428261388743934154484180826164843725475500305255563176399694429773336497346708518368617122646169295251665783388112321659157257592630560395806804750046289707565209240817639253977403904670795833909593175217613863418473171649900812917110322922939137109
-0.2393169364579198825576209501092722506083386667001316543021489250613897657492179162483374013729783932690070981400617000827893170939465657720064512332236576433980620259426489935942715055992036022511515086854273542502116107275508725933650065379566190134633656625391241808225449338484726780498285557715662943868824
-0.08938741722427949388995940623318558818375096871802419856430832972456555010749685260956476133803866222883539278476406102590319266789376451585973596596799860529872051921891408905543587922433214127631528589966990641370097415358759886635975515214768115145178576670078086366601755683008497021194853001672624868431966
-0.01301491183768262447209976003975271853190550017284856893446724972553793772829388000994923273785182526904789173205820589730378367192108830732590957796702280936512099904663556229647877800280752984811160344867557426831358158166488898579752790298028376685544798515499578618495953481516674348089405783286355289897691
-0.003197906655135949601087039410612661610829607266953143695327982832804742446155385809959045741482813742152620437380456455949384052844786230336835130475577616705174216406151886952183803345512499311099939301880314064957728070494798736204415971328841628816711491915085945602723787771240833265020962563435616766049204
-0.001016152160886996689807222750169657645070919095245324657003185546270339482159133140592649713496409938091667903266477044001575095198490845745655525872946248451681356733271297632394434143275992966024223019271808601138747898191604632221958183024072901508017010278667495052720913209961095657056360392989462151890529
-0.0002048959325784913579232208514873553158010895596290446655008779019732526423247246213265029357280209950043953544772971424436521770479597612701086502475768816083250172963100725862761507141921163294957401315250539841450108482309647863784084541471616861850291869252697725779663926000194813659740146402377301518824288
-3.279489120692428996150318770518005931934641670846775247547045296393739110209272517028698438718389716977618431042893955961734004181589292942547953621338588621461509145102085854759304175060779510226402206715319807645809785828897201395312762969810378280812035379909762337390278011027778781791704399142627011413387e-05
