-1122662508185.207053271837162845495746521903784144414618882020444736141213159261420711644648462263769563170016455211453725984803156622821131139683819955036375998124124530787163545428170821632671485051294164076794540570713390820644771877931928483458749745248975421946007505429012843201557426953105236043064688402
-0.4395547621275096976796192630602625496210230611135487945887212462966053398667933993127028722394884341022538883222568932654718745132757102653943626337383561027941396532929953009317293983308321112216770892731289380290125843875917497796238467080998555496241146339791601199383760120055667899945315140505048474198968
-0.8891426694271939575568332088542173331249598080032784889450352239379892847566799403445757370736437096600946012632567184228736821088660865375774695507548287043946849651175562788033934668881829996499643326799545935902524458035245650915884938793596300424841311471817373374982360535852054856689532428194640387188574
-2.034459709575174029569050311453403897364453406967436813828935054469103550439805890958997051307714957707801202518900759028248610878070774586758416128043659552962924181516578194333750471381938956320456851598621683574674191912343375281165792652591747683863604719486830353459450856873995549941616615683122871715259
-2.026079766968383195490857356689698734089279521427078961803342114059830784809733358635623117441010072316659970755151532011479592294719008288158620758813498033874914914727738242524201325622216069609199453482053519324258786016422985676252572550015430898794602141083711683712326629699366058654699943827274020220388
-0.4529577194519858817355346845807353882069397636365237877065424970614857410845684834695304921517956671805745920397612548011663300776947758236145486371910877737369157039744754458885923335784950945024600523115169657559711586765548446807239386202436260493927401395788938139418477567166105045892502453492054347457338
-0.84004900231234684773268792264465408058908172469569830613235723009022144143500247753125549994473340849416765435780975876953468400967818243852257835919254924773197011990817697326751991993144229729807324483761518568724849499371233471712224908259391536155061862529984224284750038863887183668905155467318337625755
-0.267100406151003420260600277796464692350170889565190516417225834450595500799635623222262617469653737135087043849594017121396834468367084853419013969418192149801423743463898177448303232464303050260135239900009280817846451944964772037531477744844063245475259118383629478995442564676706932918249107201436241129158
-0.4981169852048092479485882589157368129084480903961068369491221179582024547073656923345049562105789604067463148992850699621722607332339417221071491225376105650501072057348877927848937755330433383687050975381086666845728653969068953493211326040217474549772789661966081932480257143329168701052308199582165813188283
-18.10541643047993904273786045295689804701180049929715772937584239708351876286778852981970645178406308097695845881997987580547315702374973981899041806043509333355947164470770771702682355253637877464628250988914122678403391850683663997783011453701173218232315841458728656802692510233765104325122242307145808366562
-483786404825195263911635240362754222094454522554465760662062034743888478807123895290933988547581193589316.4671676277466978697109753857757201519237049906754920587849369840675543903907266068033433350575348257575498718527505281616270252351466837565651185695567603100132207513906971282090002893686215060088807240299
