-46180273.7237610041536263564011986978832520819305818916047442705056912130540354079629894904953316633775685219492486755053260553663837916911813433456776426948781914163899805395633779790581720114094079356611701731044619087019513909875415358831617646196886171426914427563103431038758815647973437440715849146947533
-9.529956859109932397255330831369977274379267393156008445446213602807671471857892510661046985532075221446673514251084258996631264295006693230933758468532615399757350165918451600430705508923140584788312839124557200924589535437943459475004004279651237277335741787924609792146381249869936598832412200331355444341814
-3.768490946384289531118016333570310417044887854682364040132355473701483799627870787457104429103723632103123085497129806919167020367528475424373205250823660088391365419800024272268601116958008712193783093012373304782085575732406797052843423231488313794779726301420253307504062460654219561880829619973226983904628
-2.019827669401290698227985054630979415599521036098123896259951967055752139318205700508353742759707098781342764230658686061933910650471660197843518039746223062850420597079448535944952818349661112395992486394407014204118566622943690111936757584176467585576282337817264752619684450024066947435367962362887649251487
-1.235258859672972315699764513439463634272676489067733296155246122507791265663980851624609957412546203288200680590363920221639971662442602711071749079997053340438530745038724595302893618761931857609751155653536934449164127281262461742430250454144779582146281254587660240433826710259556827405699743254454928132885
-0.8160172100563461788815211730485805719606876497269744065860307227421839186186806266453925350608401522392292248684032013526259495619194670506880870859428559293748751858348186472337006894002499292577198039671719408843467683164750606636860963006983514776174539693808516925204692775592534704401756190553161215801158
-0.4104929798290486243600482626739607164005879918049759590522767717850711249956404130261929404923478151882577845470955610843762242565763130757832300740987249742179091738813180647017847037464763990922649811200304486881842623863563231289269274918807809617848719326576787956162924940965137643444270388215363423231162
-0.2330744207297866293038504785918712868429776113911430717177774646905185197367937956483538597916819800209310674065612281481625148545006435346844694162382427717523313539580059417296717555819011736832718263599479188308481135206090940540790113299419484572565277774843179908814159501742188804600245998274565191755408
-0.1812972970516356559339294001356240732077898730142337023592760118509176072403685346612487575069524972624267701049502719311324247074590567940481931557377419953412691840496853932131385819960438789400067913600218035262023875117833761636101162111145894830286749852575368478839937735395348855708705983915460308860635
-0.0282664483637130974930991231926186615752451486249287574020290231653251341101746225888338084710555168822486502734185225461520271544182651803982870157347025074661784813642469129654681559707755189405751241487370829782713623096992327165506506277158941918515730025678053521233784482510616933761784065926315757375176
-0.008188251676182986357016592413901085540070449247261613995534816876334676136109955169515747570153431203474049297538665098421129349939615831425377871987730131021142688081354826100815998457957211683662488211011623084586762937174311943799365875381898301497272112806936807191470140372890864975462389326204284886627151
-0.003210863580634641412104876996335725499419075695899840672239783305231050131931995282773633369184627414886620936552601409876501519119217832828105746204725253823695012263530844429144467408053455584778861106492176313649454056185341793041507887547289419169198650424741181503886101977690084692732443055110749124228751
-0.0008030327307478367719889311325071544127936072766097304663395771968618169899163852400245729686987491421082197144771353203104572832884829037834286822996038871619517231551372534864218683717069753066075333577809413291254840065181235897243685917679186840347963257029629442751947938582597837012897374866932888444295851
-0.0001885413642948341098402664791778309937864668695155860780439084919757536463674550430551634818195575300241266604335709852147623519298755283054119264873240718093594016731366389414180303070208682310161270044063377197760841292867177263691706237382944679414394360254405486995150832697876266843471506606206939114418446
-1.158849368310816010354437709954479808953682195232448718068970705422972421834012262352950877712619771030874397449431161985969910810056324867783186441131606332956921315037496465593691269375307203570757137629377852580415890744007358976782508528392388578996227290661222034755051159796127780226185006966319364809883e-05
-2.952512608410677870952187144687529957097093351966174478242391936914188930754163718270499687775887327095834173041930186532555399688018508438567725821795868900676389273483080398134031730390367968579932817306874674807267377356705559556000292092577269324048716462239146618130134151010145087079491334221496669933634e-07
