-487066390540754.1774504958355623943251797343218667976865334104818264245411541261848469010855595820944951803579321456588085441571720713321454231502632822250189572029382228181551479205619061485606505359520925685133838025794748310693570979175530027955744137957664450323841512135424234872173107007633461466952244427
-5.040685817311729688009718489509169335874786313493627739170366520857023456053403293555057897010333697734818777018036480106942937152053982012193243010681547284596642603511601386905865025273499370717437717563061347273947829570319432676959379194064047443163963725823901618280064161493279570775111759855598100876786
-3.510613173369231245623062110108314749019244644067387876189309369858549950747795097417372341221563734300538075027075202048624301206086277778743667496995135063082777474788724872067352658361207602441622184065859910495091699606250434412638724821086542358555689365829874044981599379357761661887262266748532063221824
-3.396618693769353710053521404843087806787275271408655811825550523628087274048889644853466326627988982589872646200356311612404913827916136685171845741027943959248433346011393695193818596542363605211870735266219732690786095895801273892171125713644795092697120460971931078523036160344361217715330745644998059174637
-8.23367953546043089028807763183779852929262250528292561428825355713932472414362999799944260747144724843820589561739456119297658907589707686366528166172331774629912663556563102480982480249848993014900959151261803770044151213593049650561579261371399597741263560252664058902839950355586085161345421725456552168419
-7.905064700922907417526909744587396362148983215997058489820600609872771056388539961794798604015338682047004738942666838410870129320623234916658353258871717065753345628575949434477065404000710214810544545162125299577962238533726282485067210322017558993765350811887276314833061733564441582130759389778962788271024
-7.818434152033665660981756297103972456695758352661107373720728367183196899252679521056376383498300090535031002147788338101743308742592110383837417592210997705128297768357999357371229761883531064253777990633647398678754366918817973963552832651263572835274202261504712956517497593143109010597442003911487286161203
-8.9481305296675863099651864132386046694924182453147029601492422808366448164176798099851420436186594428530460451507623883733197872573470108630127997254508710690773682589538719358296886975126399830625308708051947209101716682197279407710035823937124772106573409058134045726060881555452908674411842864286521995188
-5519496576747998251389318113840359265340893530112021593496153475503608252478968680636178825161963341534154.118291086990002236664023010934655310643757029965188709879627347611771311514723508837465003756863566396402154948141538717041964445159944166706628558954579447205624677784493838593049586716742026503379089047
-309679486601097502026273325387963947936489768439822921922697219034850427695364109938947307548933896598411.1125574726932819635113034419774679496234661339221391158337075851058860340621404998969614007796735374071553009509139532492740254433720830439135838552347779174722917795338182423496697342133623573814478140137
