-654061890956921061463021146034491259527897067115503970360290695596808863991417967493982608820818595514701275.8279746136742021460179201764295516000443627337224781538412013296919166476422148051330027693052160629335339874762636799749094777560365804549336588292390234862682586259562188056137360818043846939348515562
-3648003466577343526728112850659056900691007846888239412344381090232516254669585431331216640346605635147610.920983817128623710971806044645888181626110363513704967559146925696735695717862957391820216163511492547400724857038212037649035972075315456295421505631389010372997469153471419040016154650092832015566413411
-2.603716323004572872165796259978321163173365036674446927066481066689283067192084535698178316970090161000694460244194999878206678690537700142526619245753802087439254545690960792091198977661441471601444322963167410654667765206803402087854390573750095950377612251382443964684998960427834791412569545045216050030365
-2.608217058357573371719014416822353951920234868748784412893455985841578530438126121257043727069973933368002732897264572614780172398017679888524921881194062667082112235071918906326219018334251573202928987363390778498671192253371895699062750075324798529635491835792260633653652976571479367217911712195286520402298
-2.609793329948795534251164466574158475385002393985326818299691066286379414458001380411254311347688219178913294484203617330491016401376131226626111133644125886906215651846363884805367193319098759233744964174629568833878546321293108007822375787576289211881736793005800284340014097997993015393125649399051007502025
-2.610523096536375407294698157213161100357889511559003929158417162971063097161959922068176421819556537878338106217436938346857418340683396759602166053830392759407909923814722501695827275996341446745183312563881524129063364953232291158694123731883578993583272601135640144458928268790018593108767946995686643916725
-2.611313804128409144616618916477463537123446267276363273339631706930286960967641832707594951465549228724304272956061858085384532443226417563101171167107948411073380127771399047459098485770939436745278083737983726781159995319901220980569693558927068247304149506466241783010096680148309470076295367727086724122619
-2.611496293885675763365367630376734793750274026786618436377462406917126658162724911455718934475073141778862283179224772722946019595529390920249725730294639725959347772223872941207681797314203172670144384367256169886390095139545430158477809505391723498068932551064371506536552534068424425534906010665334254691304
-2.611739624513230112821574340601262428376991706693389869396017420621159320840779613606160094908107168574559025482089268096472878852315034948639972801648519379789942450291689665014945491974203947181365054435718963468792968191258137722012720748979276294373550572713213208896075263263123604048302497718447084652123
-2.611807759332583536020880035730463348966148134273460672662327597671755542394594639905384543077456869793787076454974181509162971919599483977534082358079210058409834739802724091139192362682681122064641885702345361108423161622871236455800112255768600336338215525997578265249608767182932435753770224788025791595902
-2.611817492958126643644128810830766605950751764003760873465573870591368446759976676488593103730758152743776505420299881774041129130185848017638945666099664058008761239655043094493556940684533693467236374554570756528891047060113490414029768134630009152321280190070230221158247854824905226575975327594205638148252
-29754981872247503448599504896097811938209574244118103695568934730601952140068647303080560782716688311372027.68610245927604697448907945892736404216556590499886575957590630401965022848676338518980990429361928445725168933061592485698034253484539995995633732964915639075543499006906320439969591295889044810806820426
-635827062226672452909823732380297824203797616030415884720764651154801451465405538630495123533891457170189.6701096981398035479142234985207048428339836353911054239524242812294337228681670313724481426509739635785092398553486636138496013336971794092369716352470426988689761493734431530805612696476170110237523804513
-130.1709650642354007787955214297838969214102908210974660899463763052968137765661467639605416620961540762685269859950917015925728265394578963525995004323366037873604957360859645662487465142157696495107736940143833323287590349053501168734977230652651261335428065650495571694827814613801909755413142283463227841763
-12.80236166243801983613362771171054630707633181670229029642032190517530091119414836668721377936008208329280567948629672681984502002537899648928700561545432564698175419604814780122590664733973389069284878879902799418130692165860137825262442118176990873020433368252883990668134147270855935892221331036834873447595
-5.769314957230603851383270439372999941096107229362302184756381875081501937976906725770195048963514334079017192797816077620652230559907101828846539842286191733750194192357378900510087189897416584889563378254889946103763991925070671427058298016317874477319750303448115630857439254035762644795502328544116026455885
-2.667252371194949293398583553692094520657945116842946156279618660370225413513954312893366674260913871521725296506205056768705510062988461502176613239502320149015321765363095525950321964034275076101539735788261383081322100231391538327322055594595353519987800612124476383104720984514365121807922594839640219945056
-2.600607252187316439585231072350881944799207461154514395645871174636901582719119677645076041282157469472808723484309098275915957628291274930699469343713177177386164924946862537664946433430731836618717113177939821631279144032575935747241790336376417654213960209296330750899351717208061012355836616484600642868617
-2.601817301616498805784763086812986539735218786166401576899376259726201605102273813133432432523180662466280502194235047028695789549245735154364044473108402157383278570805550317318124239576384226180438262896889482932603708631827294314700632809156918124669594709623659599104444328800067939498113087006379487725463
-2.6028416093786145094678072923312894457054285632426693600646890192647103311232997349747744127158170932541587910265702768010997637378080602376202115930385623940858000394449179658287954418467273522687730198785788482960052480306394258073214541749421017022642767540077797873932333457108398265881791094173837628391
-91126980768178117596902129138190230097376597669502995847274586619529347591178524096007430065103844975883895.84992558924529293332526233487480637766194396873677896981991034446142325752592469325208004035654049996947114184669630838428662779762741817884055079973778409596304051543486368636234984996827516424208334898
-25352045011145528022973953590434481789816872215378080492640990584880106569749467882069341347562451258795120.18212452949443712390097771911800915973555811662748611412307695824836860434478980731953078372882795644519171816124381318207769700766421849123523900055990601060105039226979631496956733022864626077858873741
-130.1709650642354007787955214297829253186752350954172824622159530787629495607377164624069248793375697073626658979410834065335689532063136045456627238320939059940972284303023401259519120543107030327558100269925853668709399008122445386109297431960480624661059547393927585486849075373357603273674169546158101625523
-32.97636569252724350539712870868602736317686535552212673319569249620794936072008814744473255535927896458851441003959611057532305765156782050031752742544852896441948946574205511955413494718549428070054047606468890464717703896375199009594714175286055404066720404568716084719912759512475267830742555620986898857974
-13.33499877839329774839185167715376333167625559182689747252485603940985628025903109956440390411694600328367248865010646124074320414269797796084274719285650162899918187532637967358279898750042464689583647524434350504898310087124497776360179935325096575935649848200098587317051596056070771419682657256701181528102
-6.525645195090860538886824252124771883462757945459079341644510798697283336756442706123445333045871659146427074185986092868377041281091809838582043520752201223072941107419582837245346439353416790898580452947528702846354175034710193193695703718118978220931160334212373987613797267446728552431436456161454444047605
-5.733078495448717072906366054483118730837470570089683811114511436637783157444197409619736594174544966752642644802450154493135355766113424897634450681592977733651705196033951044584668791435762539429189953711389249957652141438706691604065493518678022707732283349556777532744742158188729745807360169477664318795688
-5.24538197076989844142459860728016128606662451740218090886168455554809607667018585492375746715381418818568077573368759269485290467272064848738488571284540223997568295808785539434863572676703325483488273795506875557467448340777244220961324315074493333717074217331136210330534288521950383543392544723208407457548
-4.872041872567275369288516898806933846238869228464249068382255767005482306292925132613341052531721807203782157302852026072831753922691984072309296820264050902889372931330445955010168257408974217048472980487767965684305260044581130917626886745626289393549911210637905342782697792346196245706433849683747687269686
-4.578213125009147797031517135299919985873628187241174752062094041662575432637173352356895831603191610056972166176592757044632572009379325578856746419925645024511392721444785657995295316045200449797305865672020290984548221083436269762898966909570183598140398351950911560404089705997967815489720821261169081804541
-3.349217882818606677786046255225424805399943460127817630276689409647824902453635267529399430455612337777322550871645958081495018836055228166051035723434315415762102135691039933671588777152749840676144904613979250683302026168093846911709843894757204728767388150741834765151731252154300985942629999089071097996781
-3.005099215005151816631032131347917704836880874996030681175316912122451110214190834894432306072439079963536965984671057268989425121793660170724716099563271047200552447769240717918433551205196234549723579350197693222419081146203166644195212557071520932798885116355133250676633434250480726895499373413784529721134
-2.857619785942319549749639104534714493699742627957614304888221305222455804007185966973943844035597136720819789891847475494982536395138629740100456730201835784540942594580997111251679362008819583369549654946424595724685974523049335014551096167160720039431395917009954348129286602966452874684252011357802499147369
-2.734720261723266174526140344286131584781821483910073785852787761807440796554730900726295626380012386111240618472753924235239220249356133421704846549485814648937494911826200374801508113188156186955135568947639366281291046133132441510035517225188117055346758157165042980115217004703605416502113005826302762189603
-2.671408385610381120018535910691733434841305458639354280085901120520737874515380437706039923696004717602345440391368712496016590069639778151085909796396830738555244990696374156184822726629095277083030959449633071786074007218369319560010585039911632645165378651775125530073174559439011846825101740885601956220014
-2.626605642673364477621677480617624079620401322399862845919134352202741949403233807836342865721968220152398023156870946404342008847827136419298097033355055570845147691391154999611987966855026966887658931016752645050444519067062876185573968431939056168309510559147151620881930588694608844698714805456270568113733
-2.614181352615224887342017443793577184004400844966404716849906285674299368823552005081181227704248556099823505461369215961940950813817516411966065705724866082790779622372693197798736074148890618324324621612370164535921806169772677399626590657945117855288399743422403882818540778310021658350203035682868691823648
