-43802316.20448916598314623905008633473392318701143619066316046928324486688910015503226369854350890221692432577704211240141236236389885339101540056362800528944018220957307269974890191404362281865466000016827070324544221517306707607360257881234882883909131641580836649907121328646025359049858247460527868340622191
-5.27425991803377134210260819876753256057653236116448548178311473442221277744960963164413372510059867988462481347139307939299127435271504334827010705599416561788171739938856275021383273974752592372273211584206853479283384866645215636070731442233621847101807526741928801650058018668072486764016025919325987196109
-3.844643114518032096898091529116925376525861964972267192460334250555144522688535648776915298153709513558520682844152628363944281756011385013778669569495972980500045428081817274097735671394452707794216962873489740102930382491024012176262635959857044231995655598927913793986891889487837877495252241753283358973167
-3.487989654292757768513084377007459415811564607688660351063512944791702314333037431535874494455565207150867811500022764859115191051866315316912079668247155528516780674789587194103036276845257202121449682729507493071726191536542053531581254316532848807674663702009558006528594596676168571522696130888724871975107
-3.36470026724953888705748114104779681500254763461454326564043107711266177865909936566592965609500579505580810356561508299785161623966628154841405469835308917265816686997370308341420138743716348403227959705715098297287235626739736035906043793798620106042816879098912126724280939007983567574994492302195780939637
-3.317201959072008162325080134184525795773725415766663692818766843563847491999730690709736388476102895743072532158267157455897757819473061112337629675039581995986699338176142463634241400160096846092622001549164503954463985193236675094734616787486635666416323730479741562666765924730402988906421656378146229406281
-3.301836519378879453571572220382007973366849213048585133700139140577139421074609663944238259349578560464043033931963158808497664087771834202907898181898191104305371477322833881865223066694657309070062601188796496151830534940230795807174968243855389011738952331324389294403169799654402821241241965511226031706829
-299042323509069947890632278.002159627469583565420533584562314757557062005748254876211539169872661381960496767892170585421852370443620789907726753662273936218847545867927071053657314811047500778339927222027943307146993095255920671439592237066236278933691638206397332091822726628044533785735285890728376520172307
-43802316.20448916598314623905008633473392318701143619066316046928324486688910015503226369854350890221692432577704211240141236236389885339101540056362800528944018220957307269974890191404362281865466000016827070324544221517306707607360257881234882883909131641580836649907121328646025359049856541166608261516502759
-3.793041606380786331003928378116231558619821504498780549308445479490533267698204494013445099914127446374466652488167337568094588880818511763051093455029813063747203873852866794268487248911346599420989174545442103692447892142084086031125534954321096279885195349964933495444732288150653347529518228956117052906659
-3.34125670368603299792750876279916480251897950975593506032490961358985444433817604818788859669250601966270671297842538727150311871758780265124773098627465952996056177367100598264988428836103048445854187603159927614820304469621385089438792538320031954463996215880610319240179313251802248492701849456202811511494
-3.291508324809018122223300028044554027545532617867646743022111189644652223213053465841100530537527232294616513636263933724105643486354529668412695708254956145784911325232843277696679033850609781288650647135278818178297806161612637587308879059683849642112811360374203676808488193546970517434279823020933474735196
-3.285670417322681320488009710189415300837733697248972346218687301822522369351241825476938379063241842821876752515935910650364234532106746480374215525603796875280905535264079295466147275607200041358204457276005939369439968143574255306030735102798991647495094508980586801863414850694240228451996848618290500183116
-3.282039129247241196521574882452037232805805497365090008142415572634225236241628883054610557113720373116439575081504613691914318691007003041622514679360464484018978173093650995737874118127132627335769197235364987061276914737320495564905018533258767045386233903683085658317419603906471062226013526004635828549442
-3.260254266587119401611436387850264181092569455003408509228554565294144034421353397858622237121605802051445766296224140495590156198330048856305543895472289851896790403380352399261979191321008837573215975435632933360630342587893235810300126193930217424434350030255015853984156682473696620301391427771810384372029
-3.237356354486246693918925753903300377021215346076002251466125856777830390491279278125927527762266322959444913653783336343547849366777717788208989548180108365158707420013088671044382512203560483184238916769168202428013907519625317981010059232568970104307942885685832802213532053284133594144633882523334135776092
-3.225746930508100789729764006408971243889751863714478374157794051882111895926186451047102248479759043321289751888194125329628302311934716819815128567587929226644969027304029689897935902997972422102311094765255067381203165157709323820236320365414178321278232048141657881009387369232355091750565336046400399682363
-3.13456790620401569070225143559811642177798451614567072502848609782522721896190918143641742953925252534119192466097460756703823467921404146419983851317972712949944280582686435185983387863508362457766069431022352048316964352224790843274304883726980202671752636039883813197753506887744831115040470515015275701882
-3.102329571270002952258459394210020873413352607804963497978054092198237072055494751840613122534401997995593251531128230732146676799185786805711361635723561165939705731510973488189651121259297931416527749506050301957751309719124884294580680926622499078237344801838796803241245516620636810487508673739764698547014
-3.086706610269434716253927509299758357859581449652239898056909681409793628654517583466532987617700866857034755165656966318416151976911022148126932807902014964254658901713475271577770879403340587703749429323754263433378427636451950719372109240077958298536245041802442758546772326856374193183781287470919808250778
-3.075527119515085389521019657545815726016852295635720987984095212168422643310757405505671760470215447903498404052792616246521788890955028792487293106848765618146253038149930192884018306838768975509748595517945795012934419014499795020791192692013186303448711412276764216627096926733142472371699304551222879314995
-3.071643922321323654807029728106873738979414042165482518563620788319109690737540556261594454420936827535768984110399078073338074672053544439292674198797776118048378602971184065226370090097640924224020191365362666287807968477610608722322027516334410024394828258152137274775532891588967864745007385392392288266466
-3.07028091805470293038327262783892205102344262633560302385658563467577757437504858768084367993726069257221211539898274811135272593842750220096843825800824642773298140754391319785067818580090806062095128219035517518505394555665160241386271979036089748815137202572939953181374727940092889168642250026052279149094
-3.070178300635285104262848246978014964669709692752426673824310870056609325222983018305348110918039907956067171247389315199398579006899319479668013304721520827880537822487403838006211315029380248861215803094789564011049051347826062799925794733452919730779682324954351995151207480927973815556415382967519395857189
