-44109032.55101394758485737028970310246210187720728115423816803317996789755447005700995971351028929097730678216345792785155644689985563285633218642643633884903840115426488834474310855132933698433780612040368248026657745265968459492763617059023600145072325186693026477100831315252032284945259624481185881332388239
-32.15140478824940823940453221411384504179683355884906635614591783969095092302623591126953367707498537296697658309791524569858784582075588096027992992170949751990491290585644842294935745540068527153818493838809016247249722879445499188237697186785359579552723429353447923497151831930630539593195174428912892809065
-18.03316527145825311736202788290978340667612382299444060223832186937656543394559868974981606184319064305735682674913730407085573536573417245168934072763162901130522935493483371042208111652799478518206165009098131782592227078638692544018456986401937213675600466373383304861418913842309691976760028810558766970264
-6.639418549250592478352382480951508826193991665758921496087866170428760141685834145126154306488935471911419642821748035394821660116306429006922336299934667287859730110068648984180563386795632360002544408207775400789646859515623417987596967991700077143653017107526666265468916521823187245725577235843264004272304
-6.915247148872465482002614676122348348776031641548891093040988205760222786635182671390706463054473087565905241887474424458631424395073164871273749809760477463866012311255128626673327643470720601096688031660518819515351347921818309316042127018827191808706583914108608733746791529945527223673601296420270487107506
-44965408.84631310369170479099060206188615585288616874883755007519494766850599214501525539032196969279353517639456128014872800668410335647721271704933001278079945062028234217177631336582052417111179776381531349612042223095548916849449729323602918206263421564693418197682567726288695729448154170383002610660473502
-21.41829008385514550991961585022966046232786950283845859566078029341744276635481549232342105796704749377973888674063704461570141300210620465097795264580116384082982331648163321499829241961862803326007300888994121726645413230333670154441917427370800227776412385388277885905784475288913396973583223909512546287747
-11.66510620016917275418918686356627675040250984165869124568042345478285592986267435265858161488450171483346318804847983500465748047204933881916545095893967844411929033853272736801770467587942753645824796927240882719977495721066313965968525269807972508953822558610431897949790147099031802164007475798497004527628
-8.641096856200430872767926647080615115238858628396153815511723004267112677616406414492775874650279202708888016843221218080739584197897289288900301716894655025993099912610570616233750091845080473904698891579871132520145156107543229414479135743686205224290485246769443401685522121045228585185350859835218383985731
-7.229942098899472719649863117886327385470212467648726425663484081189820492035094392433095350604041735892026642738663816238787506218411698105700267374484819484430274961327372526063024545477243742538073957096738572402578159856528343075908608435494658058877287794592872201814990772369127768312087900944640971721641
-4.288934771677515671359753381716045359224474820462476583022212688603152977610180840056419685630404246018059020255589200297399076365071943772442545836359671712304523645466431064851405681462872059802815040493191402085906962767118544988622059149891384224510866344226503588670804587679647375786438159730918348193735
-4.465272859112754746790378062776048357515501574516096084052425799380008483091341620111133230691195353751735319832315994632716495236101490331390596737763377044531853852060203734263475896630711954038099569962506173578085668225105207119761825628414867611970712798962342706551901542790786447729688989673467484502156
-4.540136758160589312682695970798545295073435620817713672892687592076028927952207236193899465984128686972501695250823273748933658708222615138205558967001622382786129753739915800525243853041201866727604362242074241687436390112593561642751078808430723343829702557213558184695629662572914817135624635278413287554904
-4.57960345715670564957968950292417327308598845237609378820743635668115463618375403695683786640471433855410968869759552425165171045236373131349186623698013341877874737881189581271752764655100930817215721610040028350919115876081526928573317367529767293952851522559165937338014543391844998706846540274268224309854
-4.495867637280552339230104951279318144494540010749287024246487025212918184107468420439017983176197458062793407739864273074197134418601927730081254800180462322089180679741100314863090433574432833161668318608254174527214660372500512943135364522302995509522606033186907941039987900032490575691323727030752607554563
-4.443538930438889322514457150549047815808822400538018368832391943005196529853465015193474676062809800064753880396068937674004190684944206088454735589109291151633114008454501932844417399246054023169943089298165879641730042871613485366299989177174576874562653773970050018062732363061033167771456544551833047283681
-4.421845920264847377198635483557751392013292804535820074446453349032699919736491765358285121683987521204589485549482938808685914433313590499042910704773833514385190456784386297662342655967558690459636301244728820911509014051627039695854689766650489229858165006743867408292153379276879878232055695964908067271169
-4.398149048966686418324978735601249797483881280994306295770304888597370789414619163463394620263919261872514406860345525501991680186664312805755835505343806268092970718250873150750067448423448636826574447197569762776866664316563291014429671870517868691919868094124134924568650350552381592569771997304833250519171
-4.389375314480469575606836896310575938242423400321398128957678197133428426068588121293691890959271638283023769903528547676090177211890745339039864368476170656201619536733995358772908786540531764501708979618150947831734903920053421688007526463084788890162010346960150882850991786917592091706808185399793766079099
-4.386206450686266466048855818587856245001168512757871620807067374992329503974613390055353110068979663226746985784213525383588175062434116668608336040487227308641388643488330796782008703151541631561364923689929981903478133851194993827629277872786366762757643415751503984920790236550234159721939568873150016800877
-4.385971538232214772989762668110567751605161796124797786028981676787568836667667966593055918330902025588018847170312051537884710601507571928390244127644799465204691760380534676661083694950442270851409540909710989753720028488361013606668725306865142238899757769719333736942318560518202734709326184851198752104973
-3947550.679573432097441696147793932625175010717411107196363260008510039277168724200158681463639326586654436275646703293608107663854559202715473814286379448088129219560265295484878033079753092158927827769323445301178270911052775247044569161538398905689899757878659291749030755616339596051144790501023891086643782
-3.048421877348764075833700739953685407211123203493997633624294197902669498025086599145299436447000894595703817843018215562505553978455776023688764586255320189226626198376423315753002614689239127531338456245450398127664416102422455912634521620877456318399774908031729569014642865599202311862283242195204880169474
-0.9196690626992893067221222119068794787646507356272008022300117658916556829871916391097350203671899414062441337583924843272421102765474964455737377718730766722080913823757674774075623004625281724784007067561376993942867763690845769971187571292846960771958645777891980876541813179240737902449599254645243953954602
-0.5035531663813949034737964631096977470738150324443563536960545595623064324890182485565761282414822021449582556251476546026977798836053698526434196680017448449829350426695827503857998678067611642354509530241831961366530054589745554601596102069452329390974163315346782361733563798252812115232724015448749157812427
-3.80629853171337276904402890124896622556754712836111214807470649051265069144099016834390832952008635342005203880581897991040274273142113016305116667739448770979223692476472201923236804688027912074479738967270871149450262207710999821010358248398464022344136696314307250811709631919124219981747904952726547955559
-3.306666483369584289138182493342320744867990104914893270980301762160028197551522961079109856212437605911964166111441841406969021245195701650263426468668288957900180508547395218536808431656628543023529820624705484790933880474563191486508675404369996250657710780539871434133915801993784931822244967263490660784415
-0.1448796026964689574637004029973305956423370274675291936829871301114301044819574859069536122216576452227552158954189878201902919002369893745397266702401473005434247699383194168418676926122156744966870512811711734742038629685723273577129329274616644956477677165879331620530450165560860082345348421856873326946411
-5.540061644463744406947408948485790224130143969608675312040280426749148873066025786237966577740361570078047933118014670579874197822209583501175004337050663397588245868885075106017052775803875589910036419049172042248778367935854653725293689484339719401318245575708313009750807859431838159553255455430145037039247
-9.128539693163484060014008236370550362773474363872938675826100635829573637500716655789502996161688803792651594657988241831427702340967201409759609895275132846768564836429513840868713844902286532393748207035342554372419279700013703239699974375485700384004979134803923680053492181117592714468576600364180254674609
30.48620244545373679393672357261836420450855634240666306233466196035940276581500764644736115487791071064098031064960146367162324366379978008930852579670380665102492539902260597501261938451690573300100820520385657415373132962822764081194123607261719850481906721687585847806917688432921897792627038254100484118437
907.1341428253126811646135887898747268513941188015451169867136435481117780923810572753085756029443167736632230819858526651361850306914347759161672388699663275543721266380469614628437440810480215262471912722588477927390629492041411256369522413331183703520147544799762244228545421770468364003051162421469902160578
9810.823524434168134733867063558353688205662217686247211193454663694903421729200955808268354196206182017040478907201366307168823540592876950361862218116560714201829784940544221492710696548259478377582816754092433575621420205205046426443214229170572905079867792556508495277597806912429957928126191553662573665935
385823.587811297299760324973483744382271006898171952070334333816063169863538715085347061708862062460226483241560006297647618477111157051951532411074066902782964528876794959926281810410686914012883128234647106537511253904781808595237896388468385690771270638288590586409465883793019712399652670016483279330331983
23317069.2787733812830141639671938570375613158639781131476977724222217801438952187151623538103920027408777667194929999480735469823256142411882266821393586750587808195461991154879234870997729110581197757590123221507250099680714893708109776297374084302368669319478754784974886719003525593291485615041260894377142
6434632451.781116982008877360066123139336561765524793097614079287252342673457057795642321156281124848101675178138427391132839736608359851785032261082134327176630773178288099486016331410688326536089435875304469479092811202239913117982244112832600335864511934498564165571980835219139498789108835914680588692800828
14616871014666.80493821237183246461292124121486603505489840928556163760780339092869954715780356378931807170173651104007902875312658950064085082882714201527894212869345547050016944667032433818153450133020068815879845834777979209196454044509462748154409731794236305730083404895981987055622812726896865299737591426
-2276386607763.534185496390078257253450602255286774607383335674162842981886459423920381487724020026907734075828646825587594607326876091959400635457916008104067989424312465656049180931233941572082559469614834496015960628526129362331573720054081894825539086731448629738996404733741775524166486982983023251216597394
0.9242119663777062924585030969740341101296329661799007218922418885748935241357598480992047478031760598138183269348327081830163964109342433988009238455714581001266801946235069800189474525714966419097590582807730675643216497415738032384922500507299903471030727821732348079572720308946597527885644904091687863129179
0.6164232803582092136308542505659274504609350102227886895925865064570687910087778945719028376902604730421232422557697136693290192825223256944567300847341893239410611142502623355463037059924081130397852646724804270996048954183926364019332481685891720092936957357667431748764104862275711220417348449990969274946858
-2.505871588344550623351506535941999829622720183661625303822162452390556711067258889863421387162667867577356828709023023354692832498601110103085928411383311226392525013401582460681966912531376411954238845980639502721895005119457756107891047377717774341748244768081918072737173149534925148403538520364982613463485
-3.224191946153663827624834129310033333471959913892477862977946675902667977306811976930947268783909929716032896856248932608276129362274145791627442536491444669795603166224821320419535378809131463281708851749304913608734491681493788083352742515765737432593822021186083569095446027782424481859405505648570041284526
-4.199326817294319056487568160273475990755876419202088207545359157533435833212191299702986982778389450953090655394398236774502308745276485559037393500520220379252908749286171063892935170972157003896724378127443090859045103090530265951136809221840025603204171809522955861423103452535500165335813900854312493653183
-11.71117901721073785743822837540300747400918737321013889817186496470053014146401061245530991077409688312855335418530279991121506311123750464364297645718215951740297580379690195925350954409660020309668510133209624596748043757056847053773895962679975484225322929591182533681629263250540806108866476765004929832117
-3.52591280728319263592128960012505272782076169460893775020800382171964191080401530082825969360234466153717280553427692109452674010927545538930783478474608963121146431806408446145507597631026799537803725434932895872782588789167935918516988626226543765852983115684589902343038459247242103187242590017424318976507
22.5016340154204172067215283237102784648898634782986978214778436462015429538981454324662476989342770296783727635114106838275771630782209567809856435844441127255462533781897857310712577406373069561786296139963210099202532954719223446052960184936117244101999160666738357866954430959864373203448171127588434869334
3523.515920305854317802731613746827874491380344107799266939994885925364670232631890936725566044750489655427805997854063569067855460080810224393864502320382220894282433009450841128552218029802504788609422347069734262673133780904901130463027047755945281266605217610839177279779638947358652547112996211510128516572
124414.6986143469371604829215954103139496103277110898619764906436078952934774220520842003281254532607265302466757556461716332119070380635216079149476119156745646180941041328800423238924624675559102455018296038657430643268479804495672132057819925756718695823681115309574521531215511885443446329111992471363812014
2792278.690095154720214191991598792917192461986555821908829555761836205341352123110969739664713493378507082385125657318481027259928893557008638004303167823753259217904759618051354703030778923489209023704984666781173609044992269574293282935916717270191943433914534748662839707742761224633254701334267217917592211
74720430.76113838259779562835478789517877644237589218379035940952478223052389884590057314006548738783121120850090153178594937911916670777890485968923691247154629926938628940678811215599150727427339417106673809713156510464146646793939358099514290403006725570747254291168509678265115278878699271239170431270844103
3283001096.8183468124564178808140642923423704924797896886866905273007203842920117235863737698260222042806821985366216517563950210461237397373496914235572797710125305862691715066237580211706579990238306110833560160778057342946331051156036340264046841773721894523735605988376087906158869679297042172239917903064
5679691538317556034396159437.69930692347338574236139523756385450838082316619274215033417862755648415236322431685241905220444617150633124809980227630429961730227491508673908303438713352399635918167655912039591583497702849176217682118130625397727459457521914725739525966243982768284222519949657736718398393929268
-2276386607763.534185496390078257253450602255286774607383335674162842981886459423920381487724020026907734075828646825587594607326876091959400635457916008104067989424312465656049180931233941572082559469614834496015960628526129362331573720054081894825539086731448629738996404733741775524166486982986404166889122873
-0.1343900488517630101136220453305641395055724700614199998789558780433735590500616946305191835263115026371887162899903851700770194063430911220294961734437778488427817959252680506445050819060343693522172552841431517359927765686322465090884408723685565765585940526768928855338693399202356935469188856981360614726844
0.06769713564749991838487907363014757053809534162495052612597663562518862790311455526502563098641276902904556034225493495279717246541041398245668518222605417575205333813113949670089296944869050655916635789812839295615124476067310470646143492094714704212595212122379947617407804514377563653445486622471388674553264
0.2627965667273071658359766078677193114955935715712723032155284808981926780127961305489742997364371914622668739282504827238090962006149904425306707799811345021451032179929092187856626149643165834340607895902436312234998750899118156349546902728182926258207688486036249721846598345707609589144161617109724441750324
-0.1676771359727258219357518360905870597172763043172950720181471888893313979316033695462400964448941349891284086414359368176569607721690532167189758039510277700428941142134585454187317146957172732364486087686571852121549701702794287597424077535428774828483727264467344560769197075498689670762184076411753486600328
-0.05018152371603278925332503641900113689283628407794326191272241127103186059606601230450448075361104603389826117008929446043142093342429237336113199839640814083642715982282649507202678569756409635419603478824836317897469239017360913596396602183689434165642871242874129060933992982918968347908544293628274981281073
-0.05551541867756404210973662898731504112670271742256834101895735181299401554910164790259788544018088272427135410694290711581429136174625849335400466595974077473946766907765668824529048587726139325687153032016945456537330678151068526755442709357675724891375429315263727840544455355810799219883857296423962342804941
0.05842339074279954553463842605434386270620747178113009625271392893237818438767596503405195178351242423695165432513348351490979051986422516891240812524172902055049681446820572725572788378851026428927455799845497676582740322716715927382126725289122531487709544765829380054974406300461561305845044919908359636924284
-0.06617469146130370245687816663015859730042455022410792582762304610104188273305370971653331140780944972482485509284074195067854088371586718148127966821449930434007464246550066269907749850915660951707291096033871686644829561820275950722810101953352470183566532432886626072191943175805087512148009280588170709731899
0.03418632295696820773547047356778021440438530772062389634518816912967464661145498097516081764007712924531269243872986560643144826131949850354823435693002971954812015942298574002547694470162102763898589694666665558663212078962045269778151420406631602870643112796165701608986533478540926771457467096139669830432444
0.04087244748866557851354846177780497215116228139076591134342414882983088364930806235151995918972935867611840477009992817193526047242297975990292140284919208981874228607440911487431983853799688345940039583908990052733015755309362628071438847915104097373667640444906146949317088475304516041303453868170916732467258
-0.03807677540418077994852997508435283908383853812095095934539246508431088258583431047512967446283808140832496217999593370666783414829652453810346505529879866139220453067592711328976378433048178972893516113553542284980708654758359570557604123269694050186014926308527492496196079558688992876975986811940222356304233
0.1405030690377618031079519930258807741179079011680624158448862347837109337739890968576047937094224563257337430579160739081834831912724661136000637370370999316931379492453111276350861432675148083334254475047860497059908477234659408203247863109069886334367862041762059406157983001398712223456871387277264299045574
2.040657556481859561540960229003397155289200265453627234911992224409900083614989799370208502983161107778097398979301906043703056836911996321263582705640842681634024413016927313374168188228074069886799054487185385015197045685541705803778217926302698716580358717113262682855397983105083772597295595131552678700087
13.27909499607384604504886829283881038072169144856756696915969062158716522070086259823663221604899621465354352079277561590411485332447210461605156728921534467044765968447218738860517370069855279313244856980525101051938984540394689327073105785275849098698825499074025622933837097127307425612376998514003871506064
148.3125868386673546808362018590381588883136856706123850716313110559377155451440685367550766726497136033122387083710305849295294995907088133396548227463660461092729485266586132803572853334074579191410112614627325418274992516045040949464753815839489137030012793862261037022720027929805733236981275290711218081374
-0.007479162585586882486289019077219169022794432975360908742191855524473528438418427207509086484759398779682083834534316654706563097753839281434941820029643712975804273680146748238556191186814215650016374705230773810605542668913855044821202543439427038963346833915405125109636709754535051118509184468740634035155991
0.01006450863154064719949038275522590573909023249802983362712809877477770121953088620819831840125490161657886725176780460108794827198364564871214431770503178905023415766465807544392970207538125899020255855009281551062752147421926361388140359863810786634823076897499296511954588584156953467266109055930739482055272
0.01283670875721314788934329938917624601106120520595094169197748886455037602616688157226786751483876420447883816714659819426671358526213693196774711500125890879793776610112401752760607243866330687004313682324032446642039712252207314616918807809291603458236252799643341427426912226204387601852733436162068097326879
0.008486599714108859870352456436534763380729858486973300162624436986758026085823720914169788567856131926711849789736326940633573107232935527733909033543977846827164670124405426514822744544474725473286158352713332791894783359244312489846965411253102408896811133337881436576567865497534741231355698143748453794379686
0.007780318933266166976156289891405351554369135677329242010506616611997811591225691999742320226165058075495396126539136394587323550887300764305856891994879291802261316597867648401430747184528217474400434314655736049053062311954958148257706658424851719848140202182371004715412184560852232428725219969175395872063412
0.005347487745403622806085610899816506560721764485326002893077484300613917699093652564292203022566253587665634758659026459523403458463648185578528514766229458548876132228651189492676514512471289234858706429718345981981120273919416689995739462588728865809811118063133544163778682701530702956480186955582546421761615
-0.0002371954535422041472440065558099246037088507193431145803240007693517899976884278877133241010617082481405178517926335153098909777017410319834800330325743548947723410905312098782078568506475719536865459542951921071157678146535556844145786832760315467371833011780480074798840028609306654270306603196204027667674071
-0.004456913540431286758399671336289383734131223805487873513699230494003798963213520859278640844465494860622594461575741843198524966892661645087687093746186799279059680109578657577359849027041912777910870956036919741796391314843732718320919098757727270248465310286717826238851114446838600535669545495772212120702787
-0.004386122906293129040178828940393361141288404087772240835095924487262866301435825358398107981066355201465058323711251974844373409143869823777827273807555862441247344140048252063445216175046686056649023199534299805801906997714868816869299418572574562216422895208850636900620656116392036267678402907214933492606124
-0.001137592051807229517555095435785006908498426044101173376717404164372566974676294291423977871041271519606444177808859112434788000949439631373482764802780562619979277431254586703259581741623857822519245988486454844710596825726808227739170726387104773587391460966661493034404490956415046213420954267114988838376796
-0.0005081727843279937212157913926110976842842626246937537168674358749418450822225747437523331662659225587527709768605337501901454365438167280256858681529513485499333709662321030638923618718352082340367805927273970721263390978266473142423740415420166207976713273666820131204642388982283434242737454295461405536826922
-0.0003235918465541667520841658317461406520764519224514858256038935795207728269999325941662075747816459526113074123294731412684709290896675789282316708029696132340013413435666142904253405397841449113064837435913433463062421778402715503026678909397781111109470891147361676127209193669481661457171826389352863189856856
-4.190459315920158302855416845449410775859827604049503849298664036972344497562022008366585250172337309506168613451990952096355809252421840492862532641525088344294069605602370495900092653652508508984179997400360366582414057181058167452886711018409411922625216791276484479988161903058357969878317235576778917074918e-05
4.203640199392239379937193205542164087162062618383860571106113191843865822995765616907512766132736873213868019210795842392873053008841132687837266352910867197311721839550736416287562048141024846634060275965795124103501871967258490103018637157114312409815882379156654171165206521232716698380236980652318944535227e-06
1.526013732084945145243562252647571786975197564181486461576262215339015659912154532001896126896759018680963879156513746135721310084109937681606998624646469868401275198017946423718721489577940016801689013977315847137231404752930769836846256866444930130799376004693815410205983324004787569843338838871353028175727e-05
2.677129378361064156123294498133615753822921164621732452775279735106601535655615988445594961334172261611273669251353674659286101041015510467002430944411316280405799125011830637473511005194932855747273406204264621104034979661639199411372226632489460519732996602896885936480963962094430086971268236439784330623284e-05
5.390463591934788112673804335871217600148598152661635905097263174988547229669087246177254314191490214803296165215360338569700781280319771659967286743875961005001113171987223945516661875507296975934374895939753521748780527451448421766644483127121572878250760436340925339648214148573434438772381461636503713574668
-19636612181748716674146880698.2672370463461009097804544037459927903779998621385697620635500215491399197621751626606001953854024290834213970803343148009655104056695811850970716872264687840350306353939639901626768409176256046316893430373286895118454468804855879947681951574176091980671063411332281104625714052997
-1.083257532536835633408904662034384232698804764600911871882951468281098717812701320494789237987889044518835782106741327853814285300586579935797514467526680478695616115399650560817247169842578555654980881186230165980587750406820243001054801746152422672321202894814937721705951646113918105085971203527278754062639
-44745110482523522358523219389.00760082052164951749650213788645637344049740005638359896249341088863726531426115806644198972176778180317717011579954942967792653081893198873210422901251741586750503148557152518701194501379971875164348029792180033918194067473079075955803953490872005869245571748181325119221431725799
-31909086535871968814012089338.03940257505498839921719082490836226332192575930064807816331171619129321970020051123443929420427764965622179547091516279327296595757998796896823246117682226839173689080170497477629773602762146040415152101876223433509434834190954243929944498244381491569488858162993797588963026119314
-413443824885328590302602554582.589062807589831022373789814084228823902001893720719756725390715900452938349754869711903018157796828079928880128745582536002342069032654063077847736993200698183674090892832127398114694105339001635148289563157863958319987449105644309111922046224420935211745422760404157690807431266
-75597058466612947427501302337.44067465367306398374957243554778954338460131074952742778982067618731112192427071852445100405667144746224513842020501762633716963966955735943712149830910522374039784433230874413248011362157414556130137863048443171564076144137635524318928014753621315729340355853096192951250611635749
5.581992952803102835024327271961686221214912266800830633873475941505949340386221729891721193573655414767369950265456023008254376882770583169234699073765912249708795877849525919950123937533235363145769901893655337444060540561591648061720568073877271836857764361083113961284102654317291261559740619067887279118182
34.46922269670896029920064958301042521812309428267502165411151177258031968863392798857181741571819900201227131667629205548508537985070716779791562177446790384913346330905448134242327055350717155698417634596205127645078063842493964880967475824981495834848608887077972885248091861793331102827543748210220846348691
34.53665174091901745663482000976006133157573613359894888355483280179039998339172358164505914826816107241481428066512918483784762279062052520413635126614427056049695735842770909381835390360310874523986037835569671787671968092107495736939740439259449422647225762197870376896095777304066193591732081997648440774086
32.19323783324667175643760822344741889560797112188197489553140433861915583203759070452086842356649514460220468070470317439556605875844391012092043287721738783648629701614677984932108414466870900008805714137742365963295676424344483530385779237331031274473332398571813434988483389022868736730943837210760536207199
-86.98623733609183347843968135870005549331313359517016874202059481455494376025445279300955768919476883437064131768522382670585775540988791736264612886352084877247307984908325287155794722511511363420536412044244479857846665336916033195171608074905903190894524031621409979500384495776832820038481851898993330924207
634157336208907916521227526530.1178930352212563587796973263408853795329174824454609381626613488228621653128299196040581281070917412335521511639139493116466108420711382824359549718435366398617395823556566763931531478788926083231137411205534029742424858970206063621062098017259022507581158380736867378757770363747
-71.88923436338454932513241988310761841035343561990447361907874211933122507433547407575067248113193379918652732091758334450584129674956465389497037205635225864268813467532712296067167310537788636901874279747481216422478350357970442368401359782487894538415439009027113983993785615726561624887176030914423523192386
634157336208907916521227526530.1178930352212563587796973263408853795329174824454609381626613488228621653128299196040581281070917412335521511639139493116466108420711382824359549718435366398617395823556566763931531478788926083231137411205534029742424858970206063621062098017259022507581158380736867378757770363747
634157336208907916521227526530.1178930352212563587796973263408853795329174824454609381626613488228621653128299196040581281070917412335521511639139493116466108420711382824359549718435366398617395823556566763931531478788926083231137411205534029742424858970206063621062098017259022507581158380736867378757770363747
-86.98623733619883670659146597200625034197514621594164360799552653775359514098540777868131003752654782735054497982549576323774486041341764974656031455142075751989189474336474264820720963869529712477915923453596611853260582645964189192214529531815819893244573262252933015924500427844961855476152144922112259747195
-71.88923436343663941284158470719965091960370821143944036717778538844111712504400573406518280436754909441785050543630721730648096324571520387566232174963740751394842542873040479547957915613534678962734939898739901287181107589702836146826581902260684241058338326505293727951112183238854908675505834121343874130474
-81.56346282522198022068645611888132784395790657486302943067306216220609417811270888540210679553481910434651764585787585675043858176471003587009461956516930604551761126823161694667821948731835827239954305916433162004073749881057499894683895691353429045943941711738269984758642477081424089519332968236131564983875
-60.84370871828200033863162446734305315400743537696098099657062709185968212428053662443538841516307161319876488141971843903158688644880375888063111732109237054726114401374438348504976503467949302670160481175235359638011567264202204790218258785006146866067384427195758259513153956018631972594255034594347931350061
-53.99396587373762213465650911037385780984037298724321527807730521303111851391395736221073131359124524632268900294994979770344799384942890937201227844706124360486438314983872030801005222497960678971127235370662380467224610975943498902442108821007756488688379731720008505386318335341749971403336863325903626968937
-49.55933683245581948999101123230849524387553891063684635065369524012798544360209176037502006730720330470466831306071223991480111088386409678809131613532017225948847331705644827034754311121162345263742914544838004361952643626195440167379173398678686386341129709811652943225203374289919191208306594639024865384106
-46.33091176349129410369380377579768175000096727410418568617682640718325565137975353748345677967047839961346520189054332468936607181303288487911885920752268537019035938518672528852755600304243586669176642823194374958533200769837614719679033049875571993061389015536307423029093372251415464960069836152092792448179
-59.67114625549427421331708329122137808332494525958445563636210611788214779614830911978507702362799697963394113054794098140239176643975936206356468155680662155998097250714829034172797509590239000090574828713429778119367362432762271192748434336044269415845433256376848743658028577262273904304883582111075065371774
-66.4665920772752203524600157328723765301137969322297983149725449003484618259080026303078590178896264835312027895872835185951832151560162617307050059825455679596575166835629859236015548153231035239252210790329812267109348644130155451802297788063628551127177114583550923879017228440043697258069670924595032536827
-23.05077646980602003865994693671361567222680902464562311051654736713908413544311938013070881097827974556661914654693748584590832002361661047160711769918099078541466912266540089001885639719496111843700038297864308158296309767516249540948176242350279706087905876498373448818969476557415092577272776127471343369795
-5.466279289857404327545532404036080092490561605901806252264927260152290434943978566726589706259186895705617779501806660073664210603239718470723855651666690554504190380925239012992585517811392735492259240194900957280353110944329378541339447088771332152120370686976900533442867289623544454647091194332509646979541
-3.484317301240218174077868158663943095228603519085399582724598738559949238070426184370363670267076161738477669778010576322228866099153199541916474211106721671564857836601173403770181943885519839106197944058052660917637096800921029121487655450179409070886775234500556403328975867458354307697138796995198610220138
-1.785421344774044588048210935309059901007800244410365405871854982979401100307722533427573134850409899799428086899670474444801455171950730507387489053599240779843163414480472624273084657455555376907398657911105555352861296106383637734261662168781924201252208056993710560092811975243123529264705328364288394540719
-0.8859577935040803167684074457189303868245717223022057186343299921318471686387633987446520479590886920902573141382190141030715217442418896948496030920651098270906748549560786274090458604508566553900935462487982548551452186852066289758748241076510188571840519659532018539604252573089092561117075842167938520558233
-0.1924241724927101783533572898202856832121074912375752511315652985529340595019011712231425861181695229723042706510267349779724016359270085256815948151102235672183129868043914274156788105533276329379857219683337619437402810544028488945035524939858919095866893350890415868547907473332098627288273484895488231238606
-0.02522530144099065339061263419117708894096035051147023368626109438181993923183505556578654933986233492104426188828529181750900098173118904450614885824373515534654256669457262803791499617797741381550629400904108526325435248845832350246850971307469300571157042819110415108053863363150819714552464665361805538291009
25369551032777513141637631.32844485753908490244927773843732543188939892935779364236680348294842879141899906153272801291582595485221498881372576622219292369924983938466491239592310614921701557668654778352293125703907574810565102586101245685959804214845929939981926183315627349152352347562323517351975796496476893
-2983951476218981026251237315759.512862371172624378539551887394411757620190493579422156530135285451877692234536097201130275436656745785373706784799723698965517817539082952389824196210109364799853300415068673158729051193582626819275230865293658273477346876424218551666100965561568663376890125800701713039598550181
-86.98623733619883670659146597198797730463810479331767475028257170976849211998433326360350138477021185862023726105993643230526555931958836235963312985246197975807896311163176777305738985243584543608684098725959337480578177052138770010227458358836119342070203592101893102257714398033482699328431223688987752646574
-71.88923436343663941284158470719748015273084418748129612292668180653714597565604567575440182029379633619892994404407144854983458151989151473762330116672849904376790536344264158812077623660179875874183810964354607873432447721922778262170478023453082949636056754003603264127838650983780427386415746997450740431523
-60.40567566931890026304003512292939131095012797397239110473987987834405134351429109365029690193786907525902893296224090495766517778858283942347912450260227650137037440156927239407739929152716914827294892540019536360219743310764404659427918486915270475727470003160327511290097164025846618599961815657222000195566
-51.47170006547749962742103725167501030145717165140248112402041750169080717242181948094379625523968649328088898337738468855063715747296888896078932943430345600453619820868123406300491872669613228037999801770738771479212925614583368549921399786029360817096120278312729755236272740805116242088517587740804327267356
-44.37928704924185188903323671224206627201073266137465922740153790734735760208665315210209086440025962216949883885579898632082336312525915317533911888825556923802466081434958338811892847271294587129095011950879162876440412813963379960356804275190285457174794480695585271249182748901936370328645491186179536899828
-38.65930211122525391892921018006382953878886515670430466891478308873463513110956957757934371088866729603738194985142806495546999246402617019438670859077756769949368907940791178546414153035846499612530483332328997745296374835268274982191582205551336329491652773262859637931599028605476908536553971539276497340357
-30.10368720007530444453687249985849106722991437965021615245450363612558866867202564844602589384326575908620089882690256824645664079610981070287689787325380142163751682906833198716058926018321908719399631636321474726753843646140942034572725847702605733725526430450167514497509426570937784784291455027945270526262
-24.0975226944204530397103434776641094856359051200269196297642470014479298943160232670420411380656181341821206837867737739899785791747117536005203329025601460590059436854132974468896393616741159109442229455637738216169786775199386307183816913824617987998212464328890601079490255947448880462006755570981198464294
-21.75330470827846570230042284314972056398817059025674047527943690277487770027397396252030520236343577793853837754085192573237548362410471003978250378373594643350865540025014913870576685996568280474373264658099619076368272990693410204656554736837951064886460141707810658422739511070444270928518721556289270968072
-9.666035737541289664525117235275288837323533147435314628473828241596447462646914208459180861761850831579366562382245187661540613933961198240065883892900229915878055594432519277739744694229729286344851243318898511801061256771487099937913890786882361146597238500488616197116297619229445221472307906815918233217278
-5.46627928985740432754553240402958640028445627615713814104781775724349218676097365949247086352927470328110984038416519584437896876154191434202105807716012657114046305061616878721106770585477745099364737402495383778716160675200737704897541445756401181073520670728532767161226553572096601310785086025003546697915
-3.484317301240218174077868158662468150705342512717978067110596527719341057701530454112244128154365562264576271807610878516386599534450504958939703373347786691669558783034198927592606659685175304002618066063766419882201743026245612335789913234023437136736656351996078706769717979975776049006879011614722597473857
-1.785421344774044588048210935309051409759437155495231319454337325634974436530584506407985725599211791923847734865244403691521532982727899707754788619034544371264761794443246353064011157115512738199909086509996530092131846141753869802499878328117698583012996318336501666345417640659466610870971030297638592512094
-0.8859577935040803167684074457183301886753917275924634874230591960483164224490594412359341686243920745260603026902725633003984503114613874102073959131444221834546659848191878360118942760486416168441122804924604728273169499668005117763264317869235451719704619856719060198697960669527963334215540387417836507650219
-0.1924241724927101783533572898202905147079430381070189827787739419543324127978558837190738453148247500606723416697979292386789447596129299788034648292131722534140551505330851589156746070382222921466494376410621142761587293515750668097323687660943047999352110310798787215354204605138311245062449459563439164140288
-0.02522530144099065339061263419116747572487023621755504472327165988092228634346067229425349849670411409439751208324628794817256127525366007214693010860333937189873846633746880442399144109804797684974847269352978307712102169422947647042974625948675901486266979567024408683314838810557100844286849671596998891288814
-289187146490590079609570326426059.1005507981091047653035048398729091918432857026908709815553409994781825825869467772862726141545533082174877295854400632233889606578847056464600677736647999565275785823890104633933910570511967869544916039808842400133332685052198561428643689894292533388068702535476253007977135218
-28.53369651190305473349220898028284033657142300615465689894528843192600155655762255956169454953380751721264737589732529694766862484404631308575403200609642007018047428098361490853132534823681389121974134113223513844295349906601380520110439155558155097752932383741229251328937706247377393047160896950509267784819
-23.55663592695503388891961276627152188532358744008773432034366657900950844017195211731196111922754090263659096083512730094301703807352023599447256045258566864617102087730798770117433100717520092580763629989465315369828845469056655218692324033435494164050907932222452267522873629005509528790440657553375905075719
-0.03020454549237127708436310621292902498105306975103794014292582817587306932732265049390608686090454747768787495007226012535441681684055311746139958673093517629210343715906824342571411368124562421196849311147463281013376826266764406648967860076145607115935605531008070948425953316172719202587303931677168886529061
-0.0001412216916027296420172142886872999401465806640906870519164004004545906552503400013884358038574843291329375832836517725068013838037463248019227442408001411023793998694763664949208955918054206352948665480149100759851359334424662787276970796869202122597500139392353054600517819524611362526346990334754562960368608
-0.0001166599505573201843170179910899822636349344344022975934896355391445137499943903709182347209774442715296080932928254982994600976289075314682504202268400498600022276043953201182356070556882577008619178778698437156494091040337946027569475085859823457318740284966339395084537596444638561838590165771506977978340924
-0.0001100998237876098138883039975757844804638215524027384546410266258619484886180474715735219218798742617199105188536546802176240520336851470050872581944112169094096616035057313656076430677567671517698012802843649630400224555300765357223925571300412246391043265566181853048571652557987614693719327244228863849972891
-0.0001250281019315571462241095764316239465778397086970220935842618407870442280530726861234322855267766852363963035188776230810700319868690856009410316314095605506813400936480353632595741415538558755014105463142042717933924259273926888429504751080756698210641323417719062007988015567722457930673268022306293911009872
-0.0001221285877672546834126283077125082957360863365488107066156875578730017376459508847856819286996259987620818884936892998571514675831373858218996552441155519079297007157936950058282593707708186739593170863093788374984546393539048178604143806285445417711749963666829377766877313620671322430294400346605035172971787
-0.000106752636952298639480729506135604018385223976020324263660632850436387576142386229589269167230682353039030104312406989781206551439799124354466871731825140323326751382633613073085921166639957196703275613252778236386588382845130051260684515901334192479410473662606643977878502420357978038823103746929811187481365
-6.427954819619404551358518003955591178549992855221005373013710295534257719418706234119451965406173366998291375696811917641188565704959687588951892141415041159864922985742574952988783583346333636361552228177428654690418763605411605985707971537737838698260667686721989422733685323974654427650651191835977118209515e-05
-5.212826962335203087372939431916305187621041209597403535405169417940445204279611722255696917093853005819096092451088373395017435940616635791561658348126925768912331948047822010546747951726064528445857596549037200253805104049813675165394787947472208361290778489695941407306810724275804904239553038204414561129264e-05
-1.041740665171711082407559327024344896879328154704315644639221427473612589611790114174935734018549600779844320467524706096553150865950277930045084279906330415221426509399247407529095962127939268942356198608370063747863787604907331352865238699381327992698413539171313944243772567342916532509080641414652566354022e-05
-4.218940650174635722463446017058525386219728083511028371612285982784437164347037661088762392636879835777850425640216590705800440574052590666315426047023681229964149144521311477232874466051788676819150148831631231133787514702674304086313531892600400876498352450646252264829597364538989769282055091104651206809715e-06
-2.321898251300947049852778844715135152035659663073608486536539783974007697644182258530300871115973447156627899567858322347953330550137873939643480599043412402587228286996978549144589149409285001718433771024124032498588159615111656327638528446124796741651331669270398269275528390872909677103935294348056072820029e-06
-1.950355343562473727189589312095734461147879229099287730714026892701259681704812494813426040969795346775303594630070040981030469599785353180518117667647807008939835576885429404768720008842484317916834790562216545283851751886050099100041721547054051491896454974069659516893730529797573619459105292215947874003789e-06
-5.115102984489572244927774408890980034041514520874160019270523749055250342725681136077057856609216056487241526768809577870719152092014924729117827024590252304670263795072171758160087391474723286629180245042389338541557267763222776104110423473396065703175434316639290573485972703292023335558678362071069628992055e-07
-1.37723816301601863145951761892091958176964044974774566246145118238298004582111231660864444655278207649617568581677316666738776879925796356501249753253051767506949878087054478660889135912162618836857955446649048404978312818681043049141106190598315277545437693252703274664250789537390573481326379916142329111149e-07
-2.106288474974933106727343056597187420480789756203385797118059743635660811674161561093020538156016454856491849672927648741280627178687570597128670381513307952662133141312740820729270877676073883907310856574054744261332523317377641706053695028919247934659853054954665864081698693983756072692938216709780248697488e-07
-0.01952766289066944684836496837058228975248770751396202272634077212643760455244140753662396251800194300479722796472808421988855354291112657629198265174169991794540187815469660801593701728867644273793069659545553860103573354869762253020832397868002996020727230239178648662422975870789144404156806771460315700260337
-7.565212616210129178474227673730369392653621682484028412242219280057326838871648103475508953981846555776244055754204698358354505420852918476389354616602413356639580581382174098530938094587946589061183229237509141397063441206542748957297710936717599781267513012118350909478271608639597003551162213216947990227487e-06
-1.506926980672380033543087083632429368017959364670824296739148622447273880336191384046608758965367407374821355954258005958251101996047707015214016098191922910853516611991462942753563487545445258304829289809277094847622007612489011145822948909864938297337124682564231873445633310711040581516267674614252289157884e-05
-1.535521737818977708219437388831446357505762546577360082725253147132542046356937350980938665263966867028285615886563866899995508467646449878846266289385961378215431021076001525745185180002382019505260050807143495547593756643008666437495592221723786944585520281645507464403173308186077070033080690921585590534699e-05
-2.073855620850699073010000544596473886327034868365302930586363762282769273831816063205674289497024922086202585542822548058743047639802780393016895039886569766109178186710632343677061082503333918636608079601922246160909868093154756159694422319479462244567843466905518818505392616402347453763096024501573198524793e-05
-2.25905002715546464636925251959876329290491391222311631270482538093980096999099480148924178835706673389019491182323813891913791119177399806087468037074989640862170228796973136787897367865384169619088357576077180876418629623205606468619029867881794151530668684125603033057845652891182778638316504744691658988719e-05
-2.545229573147424955560022336068191000033920877286775465656667169043148363146659655314380549231394588522698289539455311127452694622835485620116627831238548783731486473398445045949124599423814233369157760342008360892221613282780508183356660449433816958562323691536138397093710449055357079680633029589281190192975e-05
-2.93908985015423903499442092663184328769548712472960586317941267114647172679198384267577314254600018696562878633289246148416099741021411054450240002754767762811225188704388550533021716511232466394330711576336489277202847625665941887988607496885447450990464278228820481199718364212379408216570901659696811650564e-05
-2.415016986353347505319385946655965529808489665765847378493210651841554498517195917773640340817458540047748651957104256933160801910698008128402506667461664756585127164080365472082139025872197538608452934947986713454101872978435771826678583547145514448961449234870913477301297957098428950132360291200956308909184e-05
-5.107311127679850172041136164165620154546306527579954903624903862619653632648295069605010727272517186005539193588333971376469134657436631624766395805942294764860075125077733350028853374016503115710952824581276430912522938459944079558768274767074369137347282817060303682258914706809822679493181604327086267023318e-08
-1.170725547088750190845719104929593989617769473002134325745271773541671236429214258030014116472608225770014941055008423798046045842030671795411522992004890426249394731458020256006570030940903265874710939623310175481431374891036743606340077472810050885081570503753768267509661752536363798073198621842986286677888e-07
-1.755884238104875399419052755589244943702735723036751462470748561717102882721209991282103354544340930953376654397924516226570857230665664299869071956143474045809923145626281394978642672421519105294293199558790765324189348095534882904615948959625117871610411123616217142668170476619891328475451660106968605676622e-08
