-153921901315508.9078590183775308928867382604845255779720576407068854821483813245949639138632728254985510468845360077844754915922935054797963086562722867726433305207005641302960448664560548426873531360056363733134340041642269262900126105282287869507868707632664764668498644101853785069214241093006551993275833199
-78.89287526774224526070765244771209188121611836185911375056252032418319652677288350315608223792394454890607052244372393599835187957042613518069869397367593066017281003923459388077073558194478740994591336726389936316360380631729786860526386256499623475822450036594123198200703486811633169798217825373456499307657
-33.48514120597244586942354409467504090491310625212004298136057233694582789236562133433622317891867549299813446054066840086195284730033296550308228501326556401443585054011556306953910320484725631662598290725407672739011810050024344019675603893791878219865989604498926084091983715566722276464976134805522386083437
-19.14284264751244154191828077564016457842755414211815550906171572378691550009908252138809713997666703516194875655540682135804528560680240145948537622685519173700912087316175509204136611195182424141905818477623982086040942933033700453604045948299085095077681543880658644251721160362007474129295136173318097005077
-11.97465128495146451564944834516176013539552149892313091169871640294259367831333461435636114763227093863289563764737423239983384280522721358543345071853628368431500230886449050491607152136465691475624612631523908412232140779214625125569838093646348345550703848462085028037732002536275658088326686189784714240682
-8.261928368221301242346522368605407425407092398265554512641305040240569041621014833469531638218187777070449863729712296911554650442845581301692597256364596053573162139685885288512804576242798857379508522917772383124863384918834757889294267672359268315840841343803060803849129452711995255902294947500483296590387
-5.232616758289546977515657868575677012941292858630884740618825478432518492486589509547536525435573256369617097062725626036453258121301653386113226049651251540318739779959489625542800027944293925428603900558028969774818115823059161505039099678595893395145701349484896634222594848727085603548984337647068649069191
-3.724990008721944024741224644939888924226537893773428995830046447270173794897352007563535197911363528625170770635905704180119305772675912739274082080873345497861936726773898630011538782300790210873373788601072962875556939701017718873021434819726708372015508152549484711450543684467976788825614209298992666710467
-3.187695766260398138403500287124832612855651032704052923760605131166979932024097271862883184354857334921716719767433064886491988840961604011589533798585605489868798312292806461279837660790592839193165207500277673433396682140233275303505857138271875283960410766889476306241553094278006802486215270776256757559997
-0.03836014086295319229667078746705412370507496633500803940140806146109058259206755289612734731487705963563123659918835249854803339250952030423691628982468034944517588922027107036256638614981605993807334552611643671230094333430557542592332830607966920268732435229164666873834331455871550103738225262557859669243298
-0.8175791887332273336771504452798612774464537124520695958525524063359089329100850413693696610963082348388576022103742409271389795090123784281306153427892767370165177749550425629355589732056327876631711635775549108457162052432356651284454469466801421997019856619891575696900084872484582277082279502090379174263004
-1.629194472953978767291296647157914877871801190889486222930303369512795928033740924297379645938565694386742114813882681286985807839116196562695999204047746222865146579180842573646113737326876978088337114383009884345165424522897288175261252203844936161108989306152733351196031337878867707387638270307951641328833
-2.416568203743832094161431170030068118168561545664940373410618814266958035618173180926733284164410750734428438519115233088081769829115211092245721672769257310557923901438671643944365118553665647269406950805524721526836170160891621523200606758545353480436712149878530517059569693605531989380889941243830280198167
