-654061890956921061463021146034491259527897067115503970360290695596808863991417967493982608820818595514701275.8279746136742021460179201764295516000443627337224781538412013296919166476422148051330027693052160629335339874762636799749094777560365804549336588292390234862682586259562188056137360816129000876360531332
-91126980768178117596902129138190230097376597669502995847274586619529347591178524096007430065103844975883895.84992558924529293332526233487480637766194396873677896981991034446142325752592469325208004035654049996947114184669630838428662779762741817884055079973778409596304051543486368636234984997111933917250116157
-25352045011145528022973953590434481789816872215378080492640990584880106569749467882069341347562451258795120.18212452949443712390097771911800915973555811662748611412307695824836860434478980731953078372882795644519171816124381318207769700766421849123523900055990601060105039226979631496956733018823807469813377948
-130.170965064235400778795521429782925318675235095417282462215953078762949560737716462406924879337569707362665897941083406533568953206313604545662723832093905994097228430302340125951912054310703032755810026992585366870939900812244538610929743196048062466105954739392758548684907537335760327367416954294091924436
-32.9763656925272435053971287086860273631768653555221267331956924962079493607200881474447325553592789645885144100395961105753230576515678205003175274254485289644194894657420551195541349471854942807005404760646889046471770389637519900959471417528605540406672040456871608471991275951247526783074255562581708196454
-13.3349987783932977483918516771537633316762555918268974725248560394098562802590310995644039041169460032836724886501064612407432041426979779608427471928565016289991818753263796735827989875004246468958364752443435050489831008712449777636017993532509657593564984820009858731705159605607077141968265725669243295143
-5.73307849544871707290636605448311873083747057008968381111451143663778315744419740961973659417454496675264264480245015449313535576611342489763445068159297773365170519603395104458466879143576253942918995371138924995765214143870669160406549351867802270773228334955677753274474215818872974580736016947765582088394
-4.87204187256727536928851689880693384623886922846424906838225576700548230629292513261334105253172180720378215730285202607283175392269198407230929682026405090288937293133044595501016825740897421704847298048776796568430526004458113091762688674562628939354991121063790534278269779234619624570643384968374922245925
-4.578213125009147797031517135299919985873628187241174752062094041662575432637173352356895831603191610056972166176592757044632572009379325578856746419925645024511392721444785657995295316045200449797305865672020290984548221083436269762898966909570183598140398351950911560404089705997967815489720821261169800580357
-3.349217882818606677786046255225424805399943460127817630276689409647824902453635267529399430455612337777322550871645958081495018836055228166051035723434315415762102135691039933671588777152749840676144904613979250683302026168093846911709843894757204728767388150741834765151731252154300985942629999089078950036824
-3.0050992150051518166310321313479177048368808749960306811753169121224511102141908348944323060724390799635369659846710572689894251217936601707247160995632710472005524477692407179184335512051962345497235793501976932224190811462031666441952125570715209327988851163551332506766334342504807268954993734138018958812
-2.857619785942319549749639104534714493699742627957614304888221305222455804007185966973943844035597136720819789891847475494982536395138629740100456730201835784540942594580997111251679362008819583369549654946424595724685974523049335014551096167160720039431395917009954348129286602966452874684252011357806276371456
-2.73472026172326617452614034428613158478182148391007378585278776180744079655473090072629562638001238611124061847275392423523922024935613342170484654948581464893749491182620037480150811318815618695513556894763936628129104613313244151003551722518811705534675815716504298011521700470360541650211300582628308069044
-2.671408385610381120018535910691733434841305458639354280085901120520737874515380437706039923696004717602345440391368712496016590069639778151085909796396830738555244990696374156184822726629095277083030959449633071786074007218369319560010585039911632645165378651775125530073174559439011846825101740885603941716243
-2.626605642673364477621677480617624079620401322399862845919134352202741949403233807836342865721968220152398023156870946404342008847827136419298097033355055570845147691391154999611987966855026966887658931016752645050444519067062876185573968431939056168309510559147151620881930588694608844698714805456279348796567
-2.61418135261522488734201744379357718400440084496640471684990628567429936882355200508118122770424855609982350546136921596194095081381751641196606570572486608279077962237269319779873607414889061832432462161237016453592180616977267739962659065794511785528839974342240388281854077831002165835020303568287140228917
-1669085674990.528376890763848254014955210447531840080912794673835239852734710395846007157959129034397773656998289790803096986913685043986543363572089308744547448096650648346420899801765029169302346141068841264558127515115474637478746638727118857592906675692034925902420793212258317541111925558012993628915670475
-75.85427462966652010692687223697331761404420085665530150865331561464543650219583214437503579290751000504717391111699818096745073035514339536969681316468471142419630106969260797607626827196949357530747064562821516458629429074352601141848894389565091553429595634284303557875337812667406749784577225936075667550645
-32.93986305121554687354471811887933956056974613162317314253194773696833490957056881025752890303229361420486529079593691977829453133285686407668332324636059616087524719746699070545569911508610107729303491386527986994477851514695784677789520999256796240774649010810281351617135428686785411939329867750220833871105
-18.95172359939687735567555705063259358598549922416872876348356035901937332171212262690884216267595683044006949854342249769504932329511365337148103297616120341065929384079695430524618596488527489278500359926922379023316134176310582082831164268526113874843829252568178872621102476589408985753085546000233462346885
-11.91602139454368388770073777275034479120183856879613255025481059792160724866821523703437466681020976218549460028146048056208311159289180874233312199071774967775868924031985834704004345810380412813258362628598094949937863295498662312021722801397189170447934957036342524421282418831477632727052198101783654232053
-43074053855.31407187848057686353117669901004839594296517984666527810401931714467883226150880072514693612531796988553889539626929424217553924662555325308581699477256505513866540753549351679937540204468283612708682085195215474230716422704429336599473275309750298715910567180910819091872062379826555520755828843631
1.285831884884653580207263219147524080390605301985299631738446483026098001837133766866546715956065420399010176809172616330376711187137709157521481195981596990172498533952119646948760856017877007664838376781764790225991055980433580518085740481606009754278241120651905206088463224935998899432796070656084698287351
1.049362383883831115317785008520026404338883622831709950526088404404952163297530196640244974024370543622143772134039984735567249450660063615547232748179713312741998512744992851946130030905389960847872090689502446443918800572187686681922760841690826116569047208614761517065431456172389450172506203644476542772912
0.869995728729661496096951551706806563380446320539650467124307064474881851835123385812385746981143999375861395500831396323927908784046257335714461494041594037266754127057092057913807258687559028096777596988094364350496221252028309548187111591894995101640129989594430362603317037275111129321994337080284165947098
0.6272488213731653266230176572361823391970959360762234960813647474672412797472067542825634549046005722750602131366841554206357370901400418676035549142656666280434053498949773334049245998047604803510889970224760784802882087686908611759923198404701897375042932299256470956176256557737753236467283624171418711072777
0.3717013836473168675009917283894686447518069042791164846608871919701429182399234374648039939177553103572118065361669941659784228517204718491060285360479820042437891736358968300614497411296089369749254441768254610437436315857230153802732895636941845221451412173073441534524720744935825152342653946246276324439641
0.1079807911452884549952244847593848780951954618054866384050250662808262115791265341229829271121117627546827053990047788967310025551425279545602449938184774717473105433450113431242894984878383431677421257322852789657265038688454612142905013500858902425832417965670060922772211180556320109285865660535811922538438
-0.4563080081362801171648803415371500584716256579466071584873162919181412175632749177079716558024715173969145704120186186283728896903253564472810115982876625425873954348138308842254461231809579271780450837924285755602688300413712486759762636614613153983487764409888687477906362535435240172503724338364825217825387
-22608985905.95096950393511128394009097872273895508710183923386823295796224869917833438700053943714472766092863240754949625756375470999209345206401717579790386653704671421292751049411238592461626127453728232101422466415241012126352321353822356811032182143929283840728028638043853856150295604365019007746816755024
-72.01567244095782219188823972990299966927990464632849433998252918113679317808351641639339170511852685647248226075768427257679307762368233023457011539496546676531142120151279816971221436122823852425174099787326183906461770083629293665923231330679883457081048962996493369289469866861631876422718731453758090416365
1.156946807184340653466578348845604800414672042359574352915466335651383353358703553904753262267128080723610307955091738643134838984402258665602405885115615713141218585096576027998084587973254219733282798423206480465010946855011650099270402086578208147880566247394942536715066523565303125383104138771500197632548
0.9634926994030298514690557861515866656287270861012820908507358030214923058010111604970122381920794510915312974768453399984951573388315813150412474393327622341942582115613132771215017589289181334944053424249319733068924699073742604976916279997682074567270586259464603783739677269927489279958878375680169263638151
-169608548305098482490.1185638668980405944617338239863276308874801804700976521895356752839360947290098636232468926860824534658848848476953289630638422513699999142025451142586649199253809737735229337693192897158869018390732750975661881776512122825127614814850958157268138972787752088073956318581311728057993884258
-22920364016.882443217010469994334823102478998794582998785918760666404333662066177473712492797493814787462948451141249764613770824881121865414929699001499747391626057093961852277347644232585223474762276642010978510621242208127461426433722066429821775879840757588275983504099205099867433511725204435711414623649
-76.7775772028563367060997252275019882463218177044288761061139167045976581860020034450596196132569789776463752758159003522450887959793365004901873383771018591606578524631496675616468980838504166444885288316147768114124377711959459999853433480867277356166506780249442467544675379637037414626593497740019353859473
1.798302027179857779380126025281493834545195457185920412627662013740154893289632366709867840287369826047431514123074752881441405706118427143900239882046628786632527326745578629030460933023613594312027845448609250150501951979114478920670036240460232587819503648961662158593548848845546958986839887192172373144476
-1685936974607.554262389959261644474797858268471183529973820591244662513399398559751970321929129601330289769938199482916906309130312998230616749573212340964815035876923649256861304566806190090122812578411386999461067179285669981505925919764633178965357591204185970849394166422724781852600654760234547579606568126
-80.61617939160183278550399976340726780287727418106658120969236784372445241062540796109425319125702494198777680421218827880156093859197099541964468794426140726735204100897095380158038751644006974099245343227326010627963279150049188188786654762659386134348044834592414621075259645162985869385591455365560434120626
-35.21259032394607062246904872442406430700716128156056254876864463817203566437903486810641294285218253513647963381800403971024436102018598543428519174697981913175705041252641200282958155785258616579314863690846193717609384988867510039248662048832284593849724327583646077329925819276610708755997844509689013330064
-20.40099896171651433129209337786080436650388122143183944309808976154014383722419000237997933137932586655704730233151966587668394869580451150986765020720124444212047905465618098329465275968504139476635528304964440748682571441623785165290131938565162663061537961466672478552211231384784227029978048055890215682303
-12.95768806121002742544051295097586938544417638601376284976248960241708816732867862668012782203800476570813514336422050590817103650988178905443925608207490879592822293578558086734593960121557685682704657100126847483122615496551481566251623773411899559296065019776207401464270929576040808673787317216290687305979
-9.053838412225853082803251659731282504684628049232656930095190500125704530305612048343079705840090076247197639968324663602158560305844716389979193130222506032884291941797897521003178175801067172137498254747614619863228750152861740742070365433834961778647956540543351862470177803343822436320282695573040313023143
-5.723678218219258012538880414716137183503965424854040524957418539953825145644884918571022127038199456512582540722606866859986865720519077682988397964320687184062433584552176430291519656252847068264293727225264470573375487553103372899796956803191964194857736770831691356482800760806839379858812963240434915429849
-3.992784744090628733043675405144728719128880838375568252719941956550993966275206667602630062557431272194498714644476490871889384465406883584909819868267283778520410723114381280532229102055587793524018389559865055387101646336412455703154476466757764647711136821756565656166416229413437207289011373279664812814467
-3.381231750148671205698992816645147953033854062324525362185734852889380692200352973870259862773381291142529468104158322304644846303843863290998713280834176880235801189992943098252462731832831227787010846717218028892522893835481510952140833081353450398473197135078617796968672130984234376767698195157523167248353
0.3701083754960277570928612093982303606107385263722505891535445890915208319604050130725523436062684031668939394607744677370014011960803436416828119689503134117885542799036679853530569377416388605294644420410479136858901643564954286095433323628337907746616396202872579472680001401152190610918877436551896109970307
-0.3611552763322076599755476018066389428194344936476873558832453769086130084647807507779541747514753658255745489507691629211678685357792479460915421580588626242249483848275943683262997140919335999070572606865217163941371611177628516411100256834074792866624041085124693580667068546860338243120151701850777342683276
-1.017436803378416427312154707241892556606466338293195356070156906543613375578403518054937595803262375681625623155780173711769111147153676703061815856941349975289946937298627220145325555519729854726185022974987915456047865430583216832385809772432574781480772283215099554310037802420746645910995276316016850060958
-1.924740344622541639801012317008011689129337576939873156896350402321383946996710808730791774259646721465313828072472545386316453686089109886256324395941477264238188859895743557517982407434873490376074625421649558981951616517164042755207477760357056693051721385578103711156945811602126206462878153146256094787458
-2.660387219086760802252096812037707294703382680737293223994518298088340645088836686135060489344567045382118771322340948349057083653615860757929883213917956666873004142907229623019692580345614582724524732370061769629656917022864741517696744992926511424606028641629515062506652876622895557851445287628979315769298
-3.059587880171106762840160746296290594186516159865688759097240930635147626986849789082670209317393120566187754045989421892113194079673909993892971257832316699061640965007241412397851726945285997560541345575680074182172704948823761735384626935626338972178833175554265968320730547913701935722607619697090438268463
-3.158841984619423028023553079424155091046101152857527122090654512285745326722120317413087785292402434534263664265202328981298291722690523867905702294382679586445993463007818789641783598316105388453981399047701193005991309687920907008717962284884283517853304037041351511027601569221596969260039851530764743118944
-4384009349385.5225187396009047739378651961397089468853656881406285358700458160809100399324857849916449479037330894633224327428342502411053112057869115802271610588605377998874612407610987946903363788543771223851849135087027087948824347378204960795494859167102466646787975883895388767907747303451889204083562097
-82.32657558477986274429667507042454373323206769041136068735122504142385175968817970129727256426662088499145894365984723063633615539593003355923905900846219259115240769646669011901892667652835588535479668882378833224430957900174042743327586326241195727265754497982832317040551404610065025258700145206363601402063
-35.5725425185955618310384395313647322332301569232347678551307892971373654028157278800270060549755673154906119141687567380919201165673208775669295881638073416870421984291990643084221226409716739068540477271905613273058085308409211877101385038603311057172300400584643229115206030978928605002291785325113834045898
-20.40972534300855903779316366138847632252029694495421715357682257767692353818290098759477923465154579197306794469176802244853970143790737439060186081659604634146730095985135517660117351931786482150249712619023455976736061098201293009914339425864281031873909746442642735886269916690672997087934964046797565731935
-12.96792268078360595318044404551096140632654171617742321734502586547100871379625995417247769745919944020316834937903713909161288493747911779091598911718086037137029799487651798894747585126607757344535984095866287927545076893348668867502232063090978436465177522622500981212403262118040024910672054435051499047392
-9.053958296889656925225053993271784803349070461770187106641511860273464812307505998192140136687326403811924634893757082180623345552111694156300789674910933369440787841859904323007336880453003222365138504023676063603855986602867786746911913847639061415296173434146640048752985178313324131130598442357581089828759
-5.727933028261202349932886387909282403934312438775132912572441969787768750115713587314608180318640104116376990412525838342295285781722779608003026322377687649982668009885514906894490553895792112710797874417270161955436806530813368877200721980413016138677620499888056228566092358574141149406445631241325728432967
-4.104263169154121110887163681133148034818927484847309599128746772660509716659251019295878647841988741944698074028336362183739362457370138788922362429982732443697950874574250977273046686389272807023892988637199419930368406551020697906951762132700007346006264145210514111624359870404896016427509499353192316399649
-3.519868716026055873700054372454277143134390716251965713130433000337000033988210272981492901256966850729124755544966180837001040884985202912423923030031259374485030930525559508673750176238099050440292633582651163806703409143696295980062148422192228771552780541978189154374348255795995277284770611721342831787223
0.2436670117774133026604275161587714763449139498357013342123963540398944996346261113015588574680603614689397484053346654480169188831444220212180922096412874499818663587552130446011733035429143416587376899700943413556010354549594045801782043683408407362096911053607952980279714967560836180042744606909002220718677
-0.320170298772401112258897433597099033416945527905190799555523804365520842807422632618322165727357090292329524178232181005613879202343414738311333707676379001136698068133174324921328683495926848740805308029872629855334831579607455415326569529279691553777821549064372902734880715570144496183979955339048409449819
-0.9451572566927252805798759534199393421745966388729751625286276997919236534500847536500407335543083666190818542087862721059133146673281311196010373579233025743156015015327349873651907753368246380290552017610699750609519854680759715155575149840758159990680894363820088407727711097017073992690164577628915719181329
-1.930416208421171523819062395773419474535100697304194480369441048175118160138632573845606979650467070420155685589270289919711974468469288264764927909425736014322414814155893646186429276077161261489172397029011678249037998400347094585043377998869087222696744639092431619338798465261673217137539068978552360146488
-2.67786461213933685368835623326709197096954457798352714292248595753781930863683508568322126257809999536065750473924936267327329444692007678401671595298423908954956576540171997723100919591940033503343138046769507939605570301393305771168118205496227717334420169735289219694677119078607886915293516757563554533206
-3.05928641549148850811888389038250094027122416455153264801028321451970350139335477156716649662013731135474726719604187343985514103953238043281650874559660458032243885013649405231691584840368233340108418104651726704962325274903978612465815772813651303309269338359145102200000447558085136823455778917662965636737
-3.158408914935566244638782608971943122192884473794976615162426515613318497875506310153686342970844996326631766858776875898340697825092800435791467404912503623056769309581526235555874325731782821058413478942298781542215779276983075883327138554101449721501295880046281018871401211474115513305446419948743701700814
-3.158408914935566244638782608971943122192884473794976615162426515613318497875506310153686342970844996326631766858776875898340697825092800435791467404912503623056769309581526235555874325731782821058413478942298781542215779276983075883327138554101449721501295880046281018871401211474115513305446419948743701700814
-3.158408914935566244638782608971943122192884473794976615162426515613318497875506310153686342970844996326631766858776875898340697825092800435791467404912503623056769309581526235555874325731782821058413478942298781542215779276983075883327138554101449721501295880046281018871401211478035635291658161158419042192646
-6754764690296.392565384884799129561267839774699716088195444632609783357546796197914374383234767499953283658164421084423983303580467741897285788822100231143027743701221125819768109159732784976447411749368048289179488846369560014914013305909656412551529630401328990111520146485526796847709331172160375059830430489
-82.6908706037599768373654924416517206625863288036867705800555462075126902841244876289849358128728263693716704721252391240376981239993939013615385210804229005195326629129661451027153114795000667224717677101689948728681580789364863241449825903000880364556386740073200035335508837872708308619531087389204560912784
-35.63842641267220358588788793401141337901070842086022369254245437765297008246159271638643892421837231945889877966341926486632029979901540246328659865448645896112676787175642470648008665629533494334254205864981359120328432555714633756570191441543612530213003861064706899452767058968994280919949663599066208080904
-20.48267545890852269245754999092008815936879406316995250819096377942987924277285648731639911151234220331810102904204550904791414118549890723535701445604919056895462698414039496384459991954840345300294416788553202956206875097421706297121031987841483836514387260372036317619172716297380887715064539374201853935454
-13.01527423339801491967336968311687795081375245637690573994680708965477580039726275225648075723700079958452080884411958196993415542139350838190473974551757977567934683604650833991004936398284604989244489770270102327662017914445924297736021532809599910866254150988629239325737381945212542143055775870633828973754
-9.054188430109723044121051966246003666978207261928500748370040688081975648361776813150583533891821588735929584310319477860281912335722487489359863197879386875268253782122805065224433188841977594957426724795928463787310528378555602690459850438463784276537365011697538063863757546945269089224373495352425188172306
-5.748389979470006271667895676722309621187462436830081111508730673291444817900365125695297074500102865929112122054214984465097718621825525512086710080346965126046947823588803208258115641774510712667799138012085183137280904637215947132552403867287316089137196019918509551072888008208069655229906286455151780390264
-4.104422465653775911045583200555579919260709272799337704109483200731879175673875842168925387628005881336665753772382892676515499150477815584782448864811756424907141713933075212727837090313698536466166966163052177099340866808518515406302861196126476384659920986196591385091539171910658024098169163285636533322225
-3.520026556822816429602426352152541633716462635917323455797043398151789121154722865995379161734755934248905920101367335738722803553658722515097100423474552477615735397130118834900041010886443722969722530474670817885319007026488274679085489190895792943498770940485229832894909434397286246333623604407398736840344
0.243285868904788307670887066647121958620848024555624449586215546001832446203219539411571457885290025716777094456224501271824872437719707765969745878902407214664070489930015820089821115867018608233980880754797389653864252899912656927039517849521939458852819891798356527801457083712633306689657963599979792841852
-0.3176711493112286866910242601882670896265763705388974278531346321923150334616930456832816076354277627377864909753039638323073317611670718480642711103742552974315614801811934781578917176844108549586267410992674776054711129827161582171643246252877476006453092372429004548402504008602566952094178383599040137985143
-0.9747443539781795295430084563037912749727209969935278127283504100333041264561076052049494889556463503964017120353450495166528284976300856603221252237713179923691884451057867482996552400549250090333560569849808507742752327720228890085306448922057545639614047914987501116099700933463601762769265641766320947900194
-1.89889968186797683290432594545098314051310474234253684500653202526685586244155563939345793286485062833465080837653196873749690633749860663145063127655021267905500406244345253595463806949781462031026586287532789706154438852932086649077063962115645524595185980288336654810513182308173992788480782636615743527581
-2.663854380030491753014362864330891948112601744356502205331527620428274302049794191675406489526987064202674630575980750529894469919718766568982826057431614920024882637780014186549576244284686616144525152159700303384375421286421945554463555270374732836726636562013460194339611121401221871386150795785184160481381
-3.05856761385109872586565120676316528553270865599697520806282443820045113653985409491657472873683037369964926765625973165485898274383359783145206065653183290423766700445001681702847234726224441695750797197988636407021693239228527049898129403358153260775752120014846538313203422644151558882582887031605237819025
-3.158324715180587364613647658214606718343672702052736903636954721056207693328191282825381131995382262594051058694339679035844853897059714828271663741190120907244150847628329668233094392529790161386884523570801057949859464296974493224019018157909707330427292081982984498292887363535256065539500627945456990759992
-33868135907775.35641061972130304104917980540091710712289742527968154511359368147730250317605109889124615652946344408777163848489983612488125673458201544483626308579372828921535735321879917954616201775802310661656772481814910755279728852263942637448042596464834047382661240296288936848791979067154745440507990541
-78.50750908547783437134420202207696785777108444758971352903464085374768207843384959800952691114018153110773779951720500037201645805264468684665010090253348884916727443172463132142010991680893449546519681385224481525484258530516423860856868758923246958163324051755944668783280264041412950530216991754275143958933
-33.40663667184133881375528677853848950017980608795620427519970144091055495060957606416460807287536465979590789684729766944155926508619649882111411381103300887492111819569628604159680954070012050571810884884734406203097592254395230606337085025995732036525255646874174939501250776702801018307526509492316760692441
-19.12706442032836266303594987618031598944499475762186001097172220212489915727139435439653382789529703590150986461372510897159539157951757516138190006862965851308405313045478172813842669386656714291561667937623831960096931995112123762629785340142602969764623814315010960644621357380211109899241494292134173973306
-11.97460378253460062022566135681501497488273415590688504192518019101050368024636694149179616918535407028199708199498224392653874729738039512456247619825697125917737223430884110705472440073140415751676434686516140692049375012712379333971094947532133730251480561410085231660313852539435195873229975919628256234547
-8.26182587559575799375685140192739484260056112152007827571921122073178355236783005345015411511248094783023131701820272083356396710020170540408557517131269672491076775586359760154349706506731337164950068584498320329200869460224780599898810456978774529554068000548913340430246717051479593539853795083263313146707
-5.23152280499820337514719419440687684772254222213937861911919114188746562949863629954079723625242885368322262257997394854199145424608351783320158911728778855371349173235852255948094306168775190449694293801374798284307422903250689465051223159988045347765791938071570675267213937629231344192288911993165492059202
-3.721361627275903686276820918586985696791747739039988745560859097510991326916939623632608823017632123915342509719406486115527546638794444237882471915300877297232753929129971506183560674246385979506593612614809231952449024368819770485492214570832478943815769594877785911062951608517330344825922664894241896140164
-3.186776005928515193778933825441946857046154793620421482743118027774704721878312217136569097664191244271255940689590705983471964929457515676283526096354037779525437879616584427476578890156915409219488005573045004961361290251973600669063455582376804840874429163991433479526421357221752210476343720773597089705648
-0.03415401218715590356047061229536027964880946380478748632781394153465533354635155054254353216413937788295479302008180433136875320507107442697119180754026950043716896212887663098097676879167934037598343295122735663446419107224921260332073559077257997030053427613825823491612826908460281277824590150234105794576357
-0.6541047054079637443045077321540943985730310914963615154439931530165948171644953235199723371947394913259489751026807718203140853610603844955219192290981519286463096191743764154800863686830853860316174660061370969258104834117794157295222272540805788470492939340312902895303332317857288406843748422810993249368246
-1.179904977228650446343359706279279370598035934237886744945156684697097550338080197154280823008938379184809186426640802858039520258843066758133665144037756798089697330203358906249953851004254097053726798592646726767890729241801449967166491179759924088651383063656587919131508396971746742078978934678991977466613
-1.934762552491827845837556384021827300501048396860927071795605817566890774076495394320284079148184954219636175294444743719945674919022960774926308219904760550221109443714768039973068666219157689347900440702482063251446510078240081506391761702189625226049017210721868557688862856638051567682198767746420533870851
-2.556444540045926509730501025754255102789398970143621441885492442364523873647308534361721626101376603798013324414778638256762410719977814810457456274691133709668894767467397137099448651896329609943235573356070140189388255396796017047765572106197509212186968706940136851333352604066267133299491472911680674985976
-3.067594159024028376305941810596931126767323463589593215377699423054920218181795102123523573226523222102675553176776281866535558604096534165595262267758419465467324803333754616572999169531039700667917708369926736917163605423001657345941643026778504919552415301357991850239101041013983106128189441808090668977932
-3.160565830328486369216223009478779812413832813646315282729700603804144905525008449436459918812194703416385531514017504275821659725352370589027624296390893799428206485471627222104779596732732260680209050015476579304416252352794240579641532919857736685556292156960657089248691426152438912871524027034109702671983
-67573575679841464164213284249.99067702925148838850198339770107722180063130431139463915410280022051634576883952808337532300623751948674119613147837327147739889348290747683961414314997057215338269941328137643225700388320690757809294541689884167786987325985459946776886076225403680994279716448088747561418608413858
-67573575679841464164213284249.99067702925304473947300552102886823545640878697595227245692204844142922613181619722921361728426800516691560130537576952617938641472723561905745327715357496499689980900566217058729731929455970665675326724288721644470207437086636013227509938416323037084824093844840358437635557311701
-1122826026265.560784566128021094470575469134392625976280134480569960111405957170374341436361757468323348902860365395307075770929866946640334220271374063705275637957044089477964604678304711589071009288395318198120787449652386870812315569752665246134329623788541123565673845189314395693211896921839296930971992992
-73.1138370066141960308374797481345975031828959495726639049670072831482608998816241151817990868095091517020545243400912812724663046341603985732326729326959367451659511643832712128940569796812772406082304979165503997776861349400432803596116471645420765381060472773548017765741555922412106784591198443486444328769
-31.98378684969064274236575461390759943583055631097300938138009672523382335224118760575183576169037783104958931805599617448115974494128355738294700379196194474284689736669225497247313077083041690721426238053824493806631666301023995458963500871802795274452056751876846824840168639984254649121996113427756922453676
-18.5828439654381795314787038657338288556600089962961939579912719697353011848750751394850377880858333378257271000051590280068449761824532845502950759193325920118955934663883651360371459702234840703272159838409209632895410163495869204795690947244567841678244752363009235987137339532625163337520459410503485155599
-11.76543628527082375954804314192933707899821357607455905811804383979901931866633746574206029574762639851187675064242303029354214343646465833311343971941190329833780454841898121059784572608032268954403608987885359451619713199904181769481115299256280832448949745504521927086019631857202662071713251076979379126494
-8.229293851973642635994708983792483504342390013518181756896886343630478302346861706383896455238358133305393138063979558889796365337860652997282636448888973534546479279210277329489556024796454299462352401822423427586371732482884557909799902845033194537725038651764377012902498270874024384077814985364555193394938
-5.100768988644875739839248750775197467785140984542199677393421085757869869029121019390507883026371332561223694500859758861134106327909449577547750934453691228357872433879754964635321339098827231065452623112131110582598940428340688917303710251564966428140271523048764248255671719196854731728057249956058240749846
-3.304622988274793377874358774721985097426482476978551110361680171807521930331926583209971285553010880538538464650571325771813749485481381990456879977180665351391392371075671345649866215592071770330784519351380388789804488922412424300731338645678413580741337695480353164399335384733910018432919083802030833789773
-2.647357537349084293827213432832447147502519074714103705851083569407662256783643656850783394484093216036162431214646642091877943938298237839588113833368802191551150211463097189533465839119542502316994364091935509293548980097560963660037643187580950717074978692949657660140121821027524519285156632058164262150072
-0.3076274110139205989470395529749263806409212413716085060476099679135732003541959310977396600544274619304661270192311683976356941086334062614848425785606476717274775382432542692262849868576967422856588327543449295624857609223618861669627333032137546812775184914685816822392527629543477208666892206689148557580688
-1.140929661819730914599496798487807257733926763294719576598266024361157079697355196408346745296793959554368563075815661699951826217440160276613140147492567359644390366692090689821399106513310390212066822410059656699981099093270541963391335990650071781666400725550273569509205777462295505406906122966333956532141
-1.875895843984944800258434233058132146374891343456057797117967330913121536483571306107318007140774235175021609054031539347950140249099670461586867491495439189581879356510857639636290110628106465054323988824862947659705379980410513972584299260849781284520828051793540516486348223910391416449490306061126350268914
-2.463582174006824727558242323779497750655511877316086721927351982010062901490424872246101683349792005547604806998631217342291897482950064936845047518465425875494952907991919224713025304919795308301032136854643557267607448024862343351464443821083258316579139773752479638693896109438216281344411339064503356953063
-2.871505614312294270380095998974614642497943841241378193762446503810021383775853490507768600764779621488730741295957118890312606281168039042410861142838281209842931228461612504143493250855778875368981760051381454739833850151686326576412246816256618684796975714281584579914648023687256830728689054832097405678613
-3.100535932101918653085240581793583315962352540144938460197824023538869441823768482786954319289607741863465802848839481072948843068913221045627979319466215258347985308057846727315271812353971500008799213207862922831619320908865497117894279942969687740561603634323476889288954334569014410527161218915161356346819
