-1122662508185.11661182704480400947491621554549959445582421397083465731348002032550858769606555378249982348144289246334964579472119150126783453763792700387033700663514370517122010309403188574783657759076491903758220701882968052807487882169046601956442864963049490604812188125532684653820276542351690036049844308
-0.3771050104337073785535803920417592243373580315867825198113720096940800835637885039591757741044182587873427305178408134475025818857056886056499686312568568260384281579326888139888789472743078727674196784784804131131145791681570203048873821933364208679749027112075447183383477018781530441835964254343009144267311
-0.443014929830216091924737506754949845250898883146597941959291697417127076799664737809525177645769062144969924304368656893353503551991717272434360816030460247682730666202393139791457878945071090915873644876985265248291585032116214869700288398807147377044396252527285528000281439699447030743970674985523279899135
-0.08026382934429801700476215276169864334014279533042155614084155530546652171225539907608147467469430966731953337378771193004653930663396882355222068313554950909158984237181168939932736706328214571699843611086335612721692006448068779282138932840405328518053631405440166723128827252575438882067051781664925782154596
0.09029956088255514415862925518381558708607930908785381269638123944311415046316277546858640394975175103651542601600053983628908389725408821429708263912430649196184061327044138907743017154904802901554154740935258749333535503798386302990309390327319375114844208854443646891695774478163435075608558276173874193640262
-0.0183505705457836249266364168504049440641901908623857552979855860920899466846167720757826020172357430149658383353140572092536655829991759726752574434062638257064604390391760814861439887650484846335941542746602290729272062511349843912122103048984968021026648184498098498058830501740738021029726040451525145806957
-0.7743480840052824428423386140368682899515886706378255355367253151473598325759845692518377835283489729062213141696429331719526036348592806631358947196632145859179919987813439213729912551875815269736749460891956413970710663396273187531344891768065403676881808293830807925871688946660681006917052624287694732716208
-2.441726043949840399549621012168902978097524873701577012958895114932882565906777380559124164858337031835113355733778158409857727436787807797696838956395925070413241966338644568381557390512568414178551199264593415652506218903413654471238926605316081905238322955661821405155937552719116408096444131652461385528819
-4.019418512428739360720082271976005232901897040396437057264573445763210596696610795959196607149759410623596346721455661403815493247824600071886922607967912377464491956293658133850307464636978469667933063995177600801123152047600121967671279717934985870401831889630790883884453311412700572879731350922052968816523
-11.39822144242797067195223448777081958253949189522710672554547204543702125019034698446925198247795413216602824966194885122531447746206375970752463907891097754267877561278763339797845411465598982734086781105687854764485615549852357917733723382701566279488732800802679609072929663858339957428101678062410192304685
-186069542510808882677256135202201998492457545872720623442525917634513283588598905976823196753661517557892387.8352877971261308405033682743819927093845510014209918424997652060098582641973655659003752234010558810461103672345852719787324076180080471778826210514353226482381402478627733878773176071564454963570562736
-31814551010051334552744668173009846817013580156620220953771088208182000062454123882061050049443785467114676.87413446699672245801319857049613679933014723637637427180539953686465047937130000163131824157967276456635533162942060602771141617315298501960132852605404749110143953054715120479512961510459148705716503997
-273191975426889906229850154457589358205672273588339992879149488788002748898561840267403010951200733442345426.4131591667560696973424560623299545609966862541124318683922126233631465711883432858994093647025524798591882569098517962984162434674840962986130774971643651610610945462216487119311523183449125383830425847
-1122907285757.842533954868644217600195872854650909695296652562745697878375808461052940513170488278320109817279507273019951460774828722545868655834129070630926852504930523914656400878310992687904716379440936623263622925869562236911279125065277692238599353840390920895883474555447680640147603917867569035344942657
-0.3771050104402070619412729659512807748489476525384634235468076948708297117280227428600486514067310399572516635623907877522067639011403097723052964829868959409310265592300082462879979488335176740482351365789234265735258192374157717032557917001890882053296101976876941640950989154613245299313320414341353528883318
-0.4430157055671517194926280126019748017977129958241588326354339763294264632056595077480352885882939844769489944563088164077803173807319294708243585594508383685816441739223824423962776726487713941389499991466121782989187506969110544595494135649262927237312560886234473748443496223065238501438384029004991917647911
-0.08026396853828580381541233678018522304347438062961534235250067612674719422729340955954858363617655250887050241878881845403346457009273336158419083425539477201338733659366061832450977682683420288084156998383060017316165616213264975461295846750739513080977516075588565430478038368483513246427457333214039737614255
0.0902993775017620438852954184161248824476541531839191424252065046107438576239035278172205736759646189454955556091751029797645667973408356336916409267960116585491091258353822771659882410535792096421475073980000085798454250167815181546203935641932831498855154572476548014166157103237182206778672807976611625992349
-0.01835745487188109334245441650781659827197145675044459351636246639131802428691676110238035584998236666133647553500374228073815569103188650549939737946134488755299771655344135382310754852909047146489814321955569679734592496699095056545646606605871137595439616967575920706209163557501549658219271179420060736665667
-0.7743677003188332335844321218560647050131970258393336795598692803888735370915832075758378190386990339664271393221815716363632604710130209363596693892587812857653408647451260868890832516365085790709711783537211720210684759203755501451244954738123325291880563148438464114407306077577948111280936446474073194573823
-2.442085529087500600406998626289239758702503132833669633528143096024453222317073291004405556719985896947735568474674681113544748706443719142882439387016269659048004981632833529503439064631556787258245942585080781709365473463681231306360817935857772075793870336805852490142234920018904860171708466904448009703
-4.020692809248237346368127312465424217026701937495994413955210202466265103031350883488312087228443301096481187518655751099597860498676497691333636812018447850713685817861652830565717146346474690157211495924661568271544120683344254342815528203553016588918713510091938717415794042351683326825451338566770595584256
-11.40259607984670612198402689283214356838661925881674101516849666655349029534803718061214622619985440692348998929655762604252279932911823053659505149850591005951927436866670466936685287050093590349828679291009835162393110622475900834664386402358400610615822569549975139485868945320047544186628324538399690548332
-2941717281095105543011176805339989240712889654947820723868497911205350492954052175130562223555717786690241677.853319027843936727618800401507601542862978592455350128505690159161753738415502816603224204304290289786647020143948525447393099701191683428730213029026384887221168564049472037299597959636840069843150998
-34073738610632641247126636760763346037208067704052020982981860969018202881439460407322452572711802749732221.90403337488565332073633113649730786934005210355920202673357173050074307801831564876916548516257405723884370330596299936856873778020536629562927369785829240533981921686469156039240713048413492666868173183
-891644905367259343357310519127666766465240630133371682523871893440265790473873501725221225564912605640363.9492426202216062220718173173705744791006040564840081168880946230607795924437349063912409107718857152569106522821428004300506230957176209169713441078994652741521902766709731178099595880359782384543125178191
-58658882124827464494716511348022140676571937770296173504100481944650306323971442888441491881965222239650828.47304579131526291160259709576387836903556380736144333277151764156298097539470334804823525910546545841565358225921529329866216672419103363903732554560415701327043327855094458860945818221822657651793153194
-4206781613210895200726339007678305183620032436134302319223854114033701687725330258547230967244808652264408.748078210015480011515658386650295996302727675719159962129576179431190736504535149329744775673499150095072857635661087262005761433871361053719405224324089725224075882590052486569692108920958689266471750633
-22555931535936072063966546676746050806103818906425518677368886977096234123494129011679485665439823951216473.4833092878058162730181921800237807587463746154872073903897231308270434157711644051491462440020411764882843919485127133500159358730116371851818548970764887454802407043881120130072052409497852471148403037
-58022553170597028971430938412326347083207506554253081155078767253767057828397634699386258448930407339823.0084078918728598014913811934383925348498866924836282226235988772239459149654277544300108561716483049738115880839607198609456808805975968487867559811503297327530513752538272762501347270078403619819121131328
-58022553170597028971430938412326347083207506554253081155078767253767057828397634699386258448930407339823.00840789187285980149138119343839253484988669248362822262359887722394591496542775443001085617164830497381158808396071986094568088059759684878675598115032973275305137525382727625013472700784036870641937172755
-72.79978763081599794506002254895071142772165861862215698210894007744998453251804904385972881272212000882481564068429464881473827381519311163704856566098849845624098828590255925044732627617730410817980696477571235186350138529851582463650959670575788215368188430654662461135186394481185246243967426052682459137418
-29.2378635125979277242604755223171180888695190953717448342618831555017427459807475369051490553345952325999592348237317900549680869499232399335222121705987218941044167588711826742147042844073890493631182887435308575920658505723947540283617568129932561615169714035526907653829962749094331959527043062587317449236
-15.88174310524223662722097811708246564628700375419050570837757851505986188657357902409147329237098392506596988078502541511696060324178763336777155872600813435092820045098335869955090335306381292611839498795115905006704814668597988998157539277402724799612191272570300916557220323549286035496670214588721167522025
-9.809249214237176397810903285808307495869996513657226751683391264972297166092723296552788208183133810620736376405959157363117565732873536270460572810011484268082982727902174572024704495603217782886302134885326860787739235509761292047788516856208776606931665039576071303818029482782271203139020260185970332392573
-6.520972537317022640933628086312093011533686817100211892893954544869521976204338136590405968532338018144088347030651023047689672372950798374299968160560138856240741222340006520616204229326555899948355292555793662334367189365472147225700426493494265054486638638642264795267110368913678107698148687044041595851016
-3.274474820460113491823688143441665454212611539242700054512715688157843958677863788004947249975793105137698357368383810994027833272000437365672182474335986340098586031770078515360442052363304011794728238916497382353433863889721670218390006929445949836908883781079282780973922223466879035863673860943281105838875
-1.809034719848289947074684294513026829388217421948728918452909236035180246955031534170180273403235524118367618214603631555223647080909378917507664889892289530849573071461178492754851242769269685032026535701641088583476185538954001416970417319845274954130277373242199814635076842812372862094889195285657720087348
-1.370488588885627652922770699767675182917825003304892621298253789776188379733043211902212589450259549267445435887045567455356959149761423781366000653146155718026558583219274842363263893646648869727709048992393167688727431564380670636954726799832641182768258908982993016247330875825080451735958971176949798859118
0.003087011113709678693175764854963181241178099839126823019893906931519605902339568650316595192153376858388884712435087633708992104472898439526741507712671307618875743992970324583022657911371912930554229744341678159014585840616391990840109679425066305486702902228459429820665132471363038578339234626812524824558803
0.2148089044737413288326244805215446797466839083932646349311829080317692292491870735518018433419349648464258471482282121497061308242820612195055428675998563781909975548645812901748088436893005403027218395547500754621014379893590784666876267946568799041925891811127930221660003514857064761697967035284034079609946
0.2759244346795997579296012709712308648276758612558147615146052023267725538763279260012519125439906058497913722887434892581844685428397662367605910761452297563723104371428709177564067136507950711418018754567620385115922010395937973555111193944486125368150531594845121919936523126503141499439297894682468017296674
0.3118860848778127417847897983975567071514612366881812261616372789388870970418569538688303672883164392967786454530458685325808540387223681054778114896389882023635109788016658047561408366885578645396844071367362458559875947625851648295206732417098930416829595431523235831970513826062944819315328989730720778150232
0.3248035011601320616246476655911834441661828672900392496039871775052798060825775780376734204188709603808806448378254807122800506909279288806894508026911044279970585103550136782442325199179346742876658102767465095531959732898749515844844292300293847920263894315229985963977318522024797004760674750467937159876491
0.331551094391492413685982492799004737506395478788515202077700733115189511687078894038809896823039910142728686000619201188070887966815657406874036258199842228126950192272952608522380088282690684403429428756585817685837534325719862934955316586160283555882518874131505513647992946695769738135998185472182123624067
0.3330637095751945409386244099197321421158011789599064755731222050028850698302413530000250327956890360969419678372233325309638835537988051917135924459502858915050095675338609603224317647859619205182937822858458414951861088925201617973972296683198031288118529178551580168852672122437195962124697357234654000192289
