-58022553170598862645640239476769801265138027191119053103726071117343634631781411272899909672746040800426.82841796845510665713918627526657006872075466467737068561267691787200439619392832718365242822332063881206154199560431650882871714791486352277906836864388274896490832812993357134024329862118667595458026751094
-165.1966130263807103834509118466249609679145858607858788262880371620644798805393828211745856763616870348731645302596140175610567976120554844124424848908352915602715236222904526425482484816783106044602292957606862144974343894508919815275837874320657913382302055125233126734925955974125434986838573866067555140456
-58022553170598862645640239476769801265138027191119053103726071117343634631781411272899909672746040800426.82841796845510665713918627526657006872075466467737068561267691787200439619392832718365242822332063881206154199560431650882871714791486352277906836864388274896490832812993357134024329862118681056635426309956
-165.196613026380710383450911846504156731626505165576545794769105030801862369448727835189017236209603754157638787081567974470783307498376421263267039985798410250470522215777481329081409583418177375803998957021573916494562716531410818317104720188460518873339561668630880193415283019238898819219974310738466662672
-73.51059078526944084268113790931731424660883083414544035019360647979997145028653993720258892368159697549288131989529807755630988696541716923599374540322953559812741520482799143825329644319914451857257257990275982050938497385892984882324489291574654326087690446718957329075030414581117533701493869517448544217207
-44.23440010992350218043754209828652794623953060038959581838524846019757170175379381029222401344113227940315426181776857649547994402765933182294056448955881618658916374440247040803621603539259427389767532115422066444206399104866521907359277180183167401699334493983476092669877894553655245330403715926698891559324
-30.28147143634218395765278199124649111198455012867303545983741809102495834239030949692209854014709403931465808464809838069672965523683161917982154747135921764184793152748001226919829695942486801338422020559885402152606846765315458564244988811127505079616001472376126501899690439475274946135426999235823576934554
-22.3209725373358460851535055041240495443767177349451490821562802901189977097536430245481789532070203491010143768378920240229261637334412492952031111524747795353921777927827144644515436395978425869614690781419600415027977909541097075581580474024968998889870479053333494679116234315591095433817900845276961100793
-13.83708504971398924095379084759915863299651674737041168558694072148192187197903931004603956131100409938250248690732339181625705549747136286839395655925222127714419268018720566835606848471502009133663776892230425649443482428483203844102262158997454195035170415920253125508664073146848059256889720883208818592245
-9.549775460599718785939113420271645227461550791967490599185092380558896037329483234920721246528545475711954029556768030364430196146144595407740172243242485384070118588148847968903965154208973668235788264339703584417963901238543185686536825763156901179251236809540634365383702567285491345383681028288904053278635
-8.148266366661584893213547291464339710380703277096485512822710001193440507913614942375341308592623776065280358013730294673387287034963248147104908518619747248968847345649430989111021015752546752849942423740159083098493702063953965770424094549128103728170319210721825200919569007959519277194348133043631693854599
-2.746912988886970549799843711028559006965191117403790027943198634135563228051374248057844128627326093700163978235999617253159292997659386282832120045906653385775831013544865253173797208523255352384777397730165545539797975171718376771228506568572612440870889869563393173684327661202997088156383949564635584398933
-1.407413317749005721678251115811499316133385555446013821761287388046748260145779949911547255682144937797701312625299320167803840277860124603245385680336685578992659557560001114209390546669621311123785135367317976034131467298166532028916442288115250064657641196886602042843198493903112489424561215874098732496179
-0.8629644542087942678797314270741833404726029870220361712736140424257585411957624531934406614106650035345286153112927404046415548853724061391192105724573975505158030586272791766598096428197312855590316846662700089755941173253504962240193085260840590628571189631259266908267875085859286618380808060370576401349029
-0.4242250262326137180946130038246705480355821219140580986503551223471817076712772974224862698062939457912750451195502830569918058910275370546022630220360359768685180066683303035147086922545888157347424808274341215135513805790148508863415694657214567742366825205670077797197354691668094859221123926334345918507178
-0.2038160274594961118981532025507290406928639760650518450204979291042538372328955202305513894059160661691623079606914754872914991905009875481493808980970962088552126790654658489509268257157110295121728857637212392156227351030533821527940844761035431571569413375866563462521705099376075571869827143569042481317597
-0.05023670844917718056890961164198753307613202889604806869737848329210919605005522014275988480036250417297868930022036898406294813599376483902842160819437573010094370534076567518569905631928579512275645425338620660166931033672709867210049549263648015519302008950125962556196278689168646906130032198289005374727722
-0.008006051663229513444812343149511686329322897830036004245736669473452317314580117373197611723682598413669269916385854066747975587819966508212700210802548448468406996552417806016656024160844438365908145444414744078775979266469973790365531332718288478341681962526312547051737398336219060978781475562097006564749265
-0.008006051663229513444812343149511686329322897830036004245736669473452317314580117373197611723682598413669269916385854066747975587819966508212700210802548448468406996552417806016656024160844438365908145444414744078775979266469973790365531332718288478341681962526312547051737398336219060976035596998521310001107315
-0.008006051663229513444812343149511686329322897830036004245736669473452317314580117373197611723682598413669269916385854066747975587819966508212700210802548448468406996552417806016656024160844438365908145444414744078775979266469973790365531332718288478341681962526312547051737398336219060981816539713905541705251878
-0.008006051663229513444812343149511686329322897830036004245736669473452317314580117373197611723682598413669269916385854066747975587819966508212700210802548448468406996552417806016656024160844438365908145444414744078775979266469973790365531332718288478341681962526312547051737398336219060973778542163871171711601646
-0.008006051663229513444812343149511686329322897830036004245736669473452317314580117373197611723682598413669269916385854066747975587819966508212700210802548448468406996552417806016656024160844438365908145444414744078775979266469973790365531332718288478341681962526312547051737398336219060965803678478521427579694815
-0.008006051663229513444812343149511686329322897830036004245736669473452317314580117373197611723682598413669269916385854066747975587819966508212700210802548448468406996552417806016656024160844438365908145444414744078775979266469973790365531332718288478341681962526312547051737398336219060978112194206472646134285822
-0.008006051663229513444812343149511686329322897830036004245736669473452317314580117373197611723682598413669269916385854066747975587819966508212700210802548448468406996552417806016656024160844438365908145444414744078775979266469973790365531332718288478341681962526312547051737398336219060976279207796264762439392683
-0.008006051663229513444812343149511686329322897830036004245736669473452317314580117373197611723682598413669269916385854066747975587819966508212700210802548448468406996552417806016656024160844438365908145444414744078775979266469973790365531332718288478341681962526312547051737398336219060965803678478521427579694815
-0.008006051663229513444812343149511686329322897830036004245736669473452317314580117373197611723682598413669269916385854066747975587819966508212700210802548448468406996552417806016656024160844438365908145444414744078775979266469973790365531332718288478341681962526312547051737398336219060981883673797597157100370521
-0.008006051663229513444812343149511686329322897830036004245736669473452317314580117373197611723682598413669269916385854066747975587819966508212700210802548448468406996552417806016656024160844438365908145444414744078775979266469973790365531332718288478341681962526312547051737398336219060969185334685767164443558602
-0.008006051663229513444812343149511686329322897830036004245736669473452317314580117373197611723682598413669269916385854066747975587819966508212700210802548448468406996552417806016656024160844438365908145444414744078775979266469973790365531332718288478341681962526312547051737398336219060965803678478521427579694815
-0.008006051663229513444812343149511686329322897830036004245736669473452317314580117373197611723682598413669269916385854066747975587819966508212700210802548448468406996552417806016656024160844438365908145444414744078775979266469973790365531332718288478341681962526312547051737398336219060969516714455663999799953108
-0.008006051663229513444812343149511686329322897830036004245736669473452317314580117373197611723682598413669269916385854066747975587819966508212700210802548448468406996552417806016656024160844438365908145444414744078775979266469973790365531332718288478341681962526312547051737398336219060973058464247742728418553292
-0.008006051663229513444812343149511686329322897830036004245736669473452317314580117373197611723682598413669269916385854066747975587819966508212700210802548448468406996552417806016656024160844438365908145444414744078775979266469973790365531332718288478341681962526312547051737398336219060974035099607679594680565187
-0.008006051663229513444812343149511686329322897830036004245736669473452317314580117373197611723682598413669269916385854066747975587819966508212700210802548448468406996552417806016656024160844438365908145444414744078775979266469973790365531332718288478341681962526312547051737398336219060977997786309812033266936008
-0.008006051663229513444812343149511686329322897830036004245736669473452317314580117373197611723682598413669269916385854066747975587819966508212700210802548448468406996552417806016656024160844438365908145444414744078775979266469973790365531332718288478341681962526312547051737398336219060965803678478521427579694815
-0.008006051663229513444812343149511686329322897830036004245736669473452317314580117373197611723682598413669269916385854066747975587819966508212700210802548448468406996552417806016656024160844438365908145444414744078775979266469973790365531332718288478341681962526312547051737398336219060975186367465912039810172651
-0.008006051663229513444812343149511686329322897830036004245736669473452317314580117373197611723682598413669269916385854066747975587819966508212700210802548448468406996552417806016656024160844438365908145444414744078775979266469973790365531332718288478341681962526312547051737398336219060982865522421075558399509825
-0.008006051663229513444812343149511686329322897830036004245736669473452317314580117373197611723682598413669269916385854066747975587819966508212700210802548448468406996552417806016656024160844438365908145444414744078775979266469973790365531332718288478341681962526312547051737398336219060982902580355094400369020057
-0.008006051663229513444812343149511686329322897830036004245736669473452317314580117373197611723682598413669269916385854066747975587819966508212700210802548448468406996552417806016656024160844438365908145444414744078775979266469973790365531332718288478341681962526312547051737398336219060967374132590807424939025378
-0.008006051663229513444812343149511686329322897830036004245736669473452317314580117373197611723682598413669269916385854066747975587819966508212700210802548448468406996552417806016656024160844438365908145444414744078775979266469973790365531332718288478341681962526312547051737398336219060966882465360593051946181528
-0.008006051663229513444812343149511686329322897830036004245736669473452317314580117373197611723682598413669269916385854066747975587819966508212700210802548448468406996552417806016656024160844438365908145444414744078775979266469973790365531332718288478341681962526312547051737398336219060974654768110662692953681205
-0.008006051663229513444812343149511686329322897830036004245736669473452317314580117373197611723682598413669269916385854066747975587819966508212700210802548448468406996552417806016656024160844438365908145444414744078775979266469973790365531332718288478341681962526312547051737398336219060965803678478521427579694815
-0.008006051663229513444812343149511686329322897830036004245736669473452317314580117373197611723682598413669269916385854066747975587819966508212700210802548448468406996552417806016656024160844438365908145444414744078775979266469973790365531332718288478341681962526312547051737398336219060983840249000811412296841701
-0.008006051663229513444812343149511686329322897830036004245736669473452317314580117373197611723682598413669269916385854066747975587819966508212700210802548448468406996552417806016656024160844438365908145444414744078775979266469973790365531332718288478341681962526312547051737398336219060983632009582816038767791029
-48104861.19852021862091112382246548649885851338328271997659221824674631417807521116715694165707296551884904800619679346756634971254447841315948768283512035046826825257714968479151660054106354564266394319392651256884994547639400480731600970195345774635915402287036030530380558181308710230194076017337425094613113
-94.17793593538460517001849609613982221587000981083563123595749543921763431258825758985066823928362956006384209235891986551434716861424282463404440963184949687163484067304747329252570317504415065308139308805050293459392710692858915813541862786703867391907840139858896576354096422186360102317081678788499272610597
-43.58995039067278425326803101317930153017398097862395154340088163003479139652010871414918125449091699720801558444981414275495071261276661213231983844763352805114585405232668226872283890431733155648515752929427679129321486278373369014775627782202272325025338798940244041582566736492723284805428634055268984662217
-27.06058291073830083803454603711773225982559543808889097660145275682488111134441764583241767545172136452567143350917276614616306012588902727730117478278539580032354535455211926121307847399979956708659014406760959400398055395208708787174990169764043198159636421047272857760181858157873994176462029002418436829198
-18.99347824580067444941216838057262325368851559127940066968962169510540808233720906851112596800066712033268059705196963117798950300640342700310779008991186293102256753114292420472526446647663868104657705342707157453120753327651445500728874302545150168075625933787207612852146252337494755880235125812759419454022
-14.28075247479911147127358724819895709064050432716996023635767489380561145651751575244469035502443529424127172597337757684455830220196169635587399996092781100476115915564386848393269143758736803023488334058406350022777430820628035411700845992013688199267975670505400999858629993604649439473972124358486858846407
-9.108099003500620191317396682204238449317862274617311378269222757057374735090527770483005006742706981611765468626595476218436260239777579205291932594849335826767061350379498269085412182912402801220160336800415647944785082327412092082527796493130173388276755667179932258829723554756665849657444808917807295232097
-6.401140026219991381025934421222093986464685258392895536537948559645734230934765424139310736254807144657079652551085023645877111604658253094470090298673077807589323886268849606824278756686901709749482381766675820634417622149768307337703261578692630943001139570566546612660465483753727807456000947396817519490328
-5.49686945728672217401386912969914447265185054331441511838907929321162875390337207647083974612684286372635580435725587854555195826967511390755569843936335848580701863274118136900644350819077408811694848658862675196303021197576129270405559824235243078298095635877999571558371265512812629962883458795959957484008
-1.892659704534556113000394381968629131069599371145566768361527147275715199935674389885566325070612108166262218683407679850079723428290360261060263316860228068027089774744400927494389534706384591481628492173073439808998564621835230993770958661990444911297735033526893622231093333772037204716104267657674786371229
-0.9682238493103970417994070363077487662142664722169240783333455581208955531524167282598274903158638644412689014475915845614376937293410332063162868506358121759558862477920241945325657320368553033068371694237580420238694867383204289885569917582069969349708139662949047537625024401633953355150045184833818294843693
-0.5914577428699437869272809266960194946646645040687993258514203313993185432878378131636721636885059304148367192067542753998045016342567627785952190237665752258933357805872280892895825878701438214654052183032421894210322657745574711644179785003727098873599436604584945257018374753292624829132213072025208424621112
-0.2891503721991519334825838949286526288132448358069418408356366216009095844604379989416566924592497242483447966515630364943481814599373094083175637455618399339878713532144793718521293128381943038122839710668472731106896836549219556567265808502457457686618177942090720208436453506257062796215474571903101762345683
-0.13835517199646163838791865674713217663435392364920879864640227867379336031534641868296916563906133418598528319029399384797055569249231366554680997419057828464069724891547594831962332381631144495548247727844300220396702206592578469778400539715095519009926204096723249584076020391958995242823855465117705297891
-0.03398064082411175081446931140081320261331580039099664240818722656281417567889372805225677934127733490188109513152394391859476064320535451774824970616345062912626070859517807249098952599136009177382511700329015641514032239502964513380886907335795498914850145157394374691892723003335375882860384818361182981845877
-0.005409489032641685412336161267552281626680544379873990414413268253550176645229137180617703479664286616504518182548760154098377318818965184616766342689239176344801236934186245890854542202412588949789668305225460226029318624657651580820722856586888050862678910048187718295388909854413158516856467030988285962147057
